Status,ACCURACY,RUNTIME,REQLABELS,recent_samples_size,significance,gamma,max_node_size,max_tree_depth,max_time_stationary
Completed,0.57,51,1.0,2058,0.1090313181411475,0.2741447709463537,2050,1304,2577
Completed,0.54,79,1.0,212,0.6861018886175007,0.7006325706820935,2801,798,4078
Completed,0.55,177,1.0,3095,0.511386128583923,0.4987454363647848,395,4726,2455
Completed,0.54,162,1.0,2705,0.0515162354651838,0.9585006517879664,1404,1043,1682
Completed,0.54,205,1.0,803,0.2999063552804291,0.9265801006834954,3631,375,3464
Completed,0.53,123,1.0,2449,0.5844383013825863,0.7967938871178776,1155,2624,3289
Completed,0.55,149,1.0,601,0.1321177234705537,0.2242783515900373,4308,4617,4910
Completed,0.55,242,1.0,1194,0.760016331616789,0.403962511792779,4575,4213,3026
Completed,0.54,101,1.0,382,0.8820792360063642,0.981975357592106,567,1434,2066
Completed,0.54,78,1.0,2190,0.3363998436611146,0.058589068615809,4895,693,1153
Completed,0.56,383,1.0,3705,0.3829707931280136,0.1324350327253341,675,3948,552
Completed,0.56,332,1.0,1456,0.9703491021059454,0.0947424527369439,1842,2368,4424
Completed,0.57,366,1.0,4960,0.2149459149111062,0.542063118070364,4759,3047,909
Completed,0.57,380,1.0,4340,0.8350515108928085,0.8306560391187667,3850,3126,1545
Completed,0.56,351,1.0,1847,0.4638235773555934,0.5710670480821282,267,3706,3943
Completed,0.55,279,1.0,3314,0.9362285072654486,0.6697022680453956,2215,285,1087
Completed,0.53,162,1.0,2642,0.8092749501708895,0.2172503574453294,2624,2820,3843
Completed,0.56,346,1.0,3950,0.3593977820649743,0.3708692964147776,2949,1964,1966
Completed,0.54,182,1.0,945,0.005181266579777,0.6470656488239765,854,2238,162
Completed,0.55,277,1.0,3221,0.1735962995439768,0.4118581047318875,3456,3354,3228
Completed,0.54,192,1.0,2875,0.2555513014886528,0.7389246857855469,4175,1658,4670
Completed,0.57,401,1.0,4568,0.7222064417023212,0.0048255055677145,3131,1865,101
Completed,0.54,176,1.0,710,0.5586653079278767,0.1863043562304228,2351,3558,702
Completed,0.56,344,1.0,3896,0.5947655446007848,0.6092212722282857,1709,3785,4805
Completed,0.55,324,1.0,1636,0.7069885420612991,0.3162685985509306,3988,479,1787
Completed,0.55,280,1.0,1403,0.2311080250106752,0.8545103846900165,3121,4298,2204
Completed,0.57,370,1.0,4466,0.481965126665309,0.7577711124103517,1910,4889,2960
Completed,0.57,323,1.0,4701,0.9571111175585538,0.2823916811496019,980,1226,3676
Completed,0.57,325,1.0,4131,0.0880137669965624,0.0875782332271337,90,102,4330
Completed,0.57,362,1.0,1955,0.8433997945021838,0.5193190718702972,3310,4531,339
Completed,0.55,2,0.0,2038,0.001,0.001,1,2305,1
Completed,0.55,2,0.0,2051,0.001,0.999,1,4098,1
Completed,0.57,44,1.0,2017,0.001,0.6929117577093462,655,1,1
Completed,0.55,2,0.0,2065,0.001,0.999,1,1,5000
Completed,0.58,44,1.0,2003,0.001,0.999,2201,1,5000
Completed,0.55,2,0.0,2049,0.001,0.001,1,1,5000
Completed,0.55,2,0.0,2049,0.999,0.999,1,1,5000
Completed,0.58,48,1.0,2016,0.001,0.999,2203,5000,5000
Completed,0.55,2,0.0,2054,0.001,0.001,1,5000,5000
Completed,0.55,2,0.0,2060,0.001,0.999,1,1,1
Completed,0.55,2,0.0,2044,0.001,0.001,1,1,1
Completed,0.55,2,0.0,4336,0.999,0.001,1,1,5000
Completed,0.55,2,0.0,4198,0.001,0.999,1,5000,1
Completed,0.58,86,1.0,2003,0.001,0.999,1663,1,1
Completed,0.55,2,0.0,2092,0.001,0.999,1,2579,1
Completed,0.55,2,0.0,2048,0.999,0.8734296171585508,1,1,1
Completed,0.55,2,0.0,2034,0.001,0.001,1,5000,1
Completed,0.57,311,1.0,5000,0.999,0.001,272,1,4970
Completed,0.57,354,1.0,1955,0.001,0.001,3434,1,5000
Completed,0.57,356,1.0,1975,0.001,0.001,1923,1,1
Completed,0.57,306,1.0,4774,0.999,0.999,5000,5000,5000
Completed,0.57,341,1.0,4790,0.999,0.999,5000,1,5000
Completed,0.56,414,1.0,1999,0.001,0.001,1624,1706,4443
Completed,0.57,345,1.0,4997,0.999,0.999,342,1,1
Completed,0.57,351,1.0,4930,0.999,0.001,2321,5000,5000
Completed,0.57,357,1.0,1986,0.001,0.001,2199,5000,5000
Completed,0.57,363,1.0,1987,0.4747072197526741,0.001,1221,1,5000
Completed,0.57,365,1.0,4828,0.999,0.001,5000,5000,5000
Completed,0.57,709,1.0,1966,0.001,0.999,3215,918,1
Completed,0.57,691,1.0,4836,0.999,0.999,2331,5000,1
Completed,0.55,2,0.0,3886,0.001,0.935909173831704,1,3635,993
Completed,0.55,2,0.0,3689,0.001,0.999,1,473,2265
Completed,0.55,2,0.0,3343,0.999,0.9616307539468189,1,513,4551
Completed,0.55,2,0.0,2729,0.999,0.9447165085270144,1,1646,4290
Completed,0.56,271,1.0,1751,0.6301100067021715,0.9236535174189372,321,2446,1209
Completed,0.57,284,1.0,1882,0.001,0.999,1988,3705,1550
Completed,0.57,283,1.0,1836,0.001,0.8072095714010337,474,1748,1358
Completed,0.57,333,1.0,1859,0.001,0.9602327589382632,2007,2374,4005
Completed,0.57,284,1.0,3909,0.0578804184899143,0.8360660839803553,205,4222,4611
Completed,0.56,339,1.0,1886,0.999,0.999,949,4357,4688
Completed,0.57,355,1.0,1946,0.999,0.7049473623987352,990,2471,2545
Completed,0.56,358,1.0,1802,0.001,0.3653200995182644,1786,532,98
Completed,0.57,396,1.0,1891,0.999,0.3660913420074725,2087,2617,426
Completed,0.56,367,1.0,1856,0.999,0.8809208285574539,760,3406,2972
Completed,0.56,314,1.0,1711,0.001,0.7983133614809399,1944,489,2449
Completed,0.56,372,1.0,1867,0.001,0.8967663209766468,2039,2234,180
Completed,0.56,342,1.0,1834,0.999,0.9102866903913692,1817,3307,4837
Completed,0.57,327,1.0,3891,0.3958273504903213,0.7676894840959437,342,1150,3438
Completed,0.56,340,1.0,1856,0.999,0.6492100221232043,1193,801,537
Completed,0.57,374,1.0,4009,0.1269814236856323,0.6540183814340466,624,104,2804
Completed,0.56,331,1.0,1804,0.8273304344442731,0.2893852934967467,1516,2194,485
Completed,0.57,364,1.0,1894,0.999,0.4343132100955964,2099,4837,762
Completed,0.57,342,1.0,1898,0.001,0.42936603949275,1044,1483,1888
Completed,0.56,328,1.0,1795,0.001,0.3301593293540958,1072,582,1045
Completed,0.56,477,1.0,1870,0.2410346946542619,0.7774999750914702,710,328,2423
Completed,0.56,396,1.0,1835,0.001,0.5206785318764624,2201,2131,2532
Completed,0.57,368,1.0,4640,0.5891331902509187,0.3012401058985429,2005,575,1283
Completed,0.57,373,1.0,1913,0.999,0.5440602500128131,1047,438,3168
Completed,0.57,351,1.0,1904,0.999,0.816601795973849,2232,693,13
Completed,0.57,397,1.0,4876,0.001,0.5690495990855945,635,3325,1605
Completed,0.55,2,0.0,4923,0.999,0.999,1,2296,3524
Completed,0.57,50,1.0,2021,0.001,0.999,2304,1149,4629
Completed,0.58,42,1.0,2003,0.1007586117884483,0.2758798982461374,2024,4935,3241
Completed,0.59,47,1.0,2005,0.001,0.999,1611,4020,1494
Completed,0.6,44,1.0,2012,0.999,0.728319890528892,2668,3614,3327
Completed,0.55,2,0.0,5000,0.001,0.0637523490175323,1,3553,1186
Completed,0.58,44,1.0,2008,0.704718102659969,0.4898741767734723,2739,2345,4803
Completed,0.59,45,1.0,2016,0.967648761247734,0.999,2806,1,3544
Completed,0.6,43,1.0,2014,0.001,0.995194979983472,2832,3260,5000
Completed,0.6,51,1.0,2015,0.999,0.8536035607778997,3001,1753,4445
Completed,0.58,47,1.0,2008,0.001,0.999,2410,3021,4215
Completed,0.58,48,1.0,2024,0.999,0.9607656576758244,2667,4956,4423
Completed,0.6,45,1.0,2015,0.7015802288974938,0.6253918365567566,2561,2783,3823
Completed,0.57,256,1.0,3998,0.9584233668875112,0.1703280614985154,6,4273,251
Completed,0.57,287,1.0,4973,0.999,0.9281221570752431,85,2225,6
Completed,0.57,301,1.0,4944,0.999,0.001,102,1925,1
Completed,0.57,327,1.0,4873,0.999,0.9986781963598966,98,4402,1993
Completed,0.57,364,1.0,4838,0.7274824815734686,0.1295132799839148,2037,875,3171
Completed,0.57,277,1.0,4944,0.999,0.3178605598737828,37,2273,2
Completed,0.57,277,1.0,4866,0.001,0.7180536748695993,115,742,683
Completed,0.57,351,1.0,4807,0.999,0.9276265207540516,1283,2923,3526
Completed,0.57,353,1.0,4919,0.4704923397547793,0.0067439661662509,2066,1299,2681
Completed,0.57,375,1.0,4750,0.999,0.7791185205524329,2907,2855,4916
Completed,0.57,354,1.0,4565,0.999,0.8231507042720855,2840,3641,2510
Completed,0.57,366,1.0,4167,0.001,0.2501256582663159,2028,288,3676
Completed,0.57,369,1.0,4887,0.999,0.7375940566225231,1304,1036,3820
Completed,0.57,347,1.0,4562,0.999,0.999,2348,1115,5000
Completed,0.57,469,1.0,4649,0.5764456844872639,0.6411005184890481,2676,3962,4759
Completed,0.57,472,1.0,4731,0.999,0.4090661842517323,2844,4865,5000
Completed,0.57,545,1.0,5000,0.001,0.999,661,2302,1
Completed,0.55,2,0.0,1709,0.2790439362254042,0.451371387162806,1,2850,2449
Completed,0.55,2,0.0,4885,0.999,0.4615963318256294,1,1844,4991
Completed,0.55,2,0.0,2423,0.001,0.4268490286448499,1,2011,2182
Completed,0.55,2,0.0,1073,0.3909973338031478,0.3872708565964626,1,1458,1
Completed,0.54,93,1.0,2202,0.001,0.9472488822555678,3056,403,5000
Completed,0.57,317,1.0,1811,0.001,0.7187707234856869,2676,2862,3790
Completed,0.56,322,1.0,1753,0.5251547229303918,0.8598002210011846,2894,2722,4147
Completed,0.57,67,1.0,2119,0.001,0.8421645442400728,2900,1936,3113
Completed,0.56,58,1.0,2076,0.001,0.9321690126766932,2936,4017,5000
Completed,0.55,283,1.0,1503,0.0349563739164005,0.8355930477695204,2934,68,4576
Completed,0.55,346,1.0,1522,0.694418434928178,0.8269011612422587,2769,2680,4450
Completed,0.57,352,1.0,1960,0.999,0.884964461101389,2885,3006,5000
Completed,0.55,97,1.0,2287,0.999,0.8495958030827606,2449,4227,5000
Completed,0.56,324,1.0,1780,0.001,0.7649743563014759,2778,1977,3578
Completed,0.56,344,1.0,1860,0.999,0.7987695255686409,2501,3823,2127
Completed,0.53,122,1.0,2427,0.001,0.8418107151177734,2769,4914,3289
Completed,0.57,392,1.0,1971,0.001,0.9238524706815388,2927,3516,3643
Completed,0.55,318,1.0,1580,0.001,0.7475543243277587,2557,1326,5000
Completed,0.54,296,1.0,1449,0.999,0.7191079709048549,2880,1422,4736
Completed,0.57,334,1.0,1997,0.001,0.9053084727725524,2890,1141,1234
Completed,0.57,374,1.0,1936,0.001,0.7572261651327943,2540,3606,1854
Completed,0.56,346,1.0,1896,0.6658132237937722,0.6799474826840147,2590,4556,38
Completed,0.54,292,1.0,1359,0.001,0.8278653213963655,2720,74,3552
Completed,0.55,258,1.0,1621,0.4531161790686245,0.4164328178702027,78,690,486
Completed,0.57,364,1.0,1887,0.999,0.777198253245095,2920,2362,3311
Completed,0.56,325,1.0,1572,0.999,0.8221672449863473,2484,118,5000
Completed,0.54,285,1.0,1387,0.999,0.7189740833419407,2557,2111,436
Completed,0.55,286,1.0,1435,0.001,0.7201888632384026,2623,239,3378
Completed,0.56,328,1.0,1768,0.001,0.7581802681262652,2460,3700,1477
Completed,0.57,373,1.0,1885,0.999,0.8894864103626089,2913,3804,1109
Completed,0.55,2,0.0,3518,0.999,0.999,1,1771,4428
Completed,0.56,54,1.0,2057,0.999,0.7504784104688409,2469,5000,3786
Completed,0.57,54,1.0,2059,0.999,0.936738535328644,2333,1954,3383
Completed,0.55,55,1.0,2069,0.999,0.999,2437,1,4589
Completed,0.56,61,1.0,2095,0.999,0.999,1919,5000,2964
Completed,0.57,56,1.0,2045,0.999,0.999,2411,2072,3014
Completed,0.55,61,1.0,2092,0.999,0.6059240258186482,2346,5000,2604
Completed,0.55,59,1.0,2084,0.999,0.7734778846640062,2248,2422,3723
Completed,0.55,58,1.0,2097,0.568374591987175,0.8428100015611601,1704,4742,3144
Completed,0.57,62,1.0,2110,0.999,0.7109003290463338,1605,4365,1667
Completed,0.57,59,1.0,2090,0.999,0.4159145187170828,2642,5000,3571
Completed,0.57,60,1.0,2091,0.999,0.6888935821923913,2608,1382,5000
Completed,0.56,68,1.0,2140,0.8049835537747025,0.999,1535,1,1842
Completed,0.56,62,1.0,2103,0.001,0.6734659171026376,898,3018,1672
Completed,0.56,66,1.0,2132,0.999,0.999,1102,3405,2877
Completed,0.56,65,1.0,2112,0.999,0.999,2327,1,5000
Completed,0.56,66,1.0,2125,0.9016514032534576,0.5301502411507135,514,4692,2980
Completed,0.56,63,1.0,2105,0.999,0.5704786776789776,2037,4539,3844
Completed,0.56,64,1.0,2134,0.999,0.5113328769985259,4166,304,5000
Completed,0.55,65,1.0,2120,0.999,0.1806497478362186,2955,4622,2925
Completed,0.56,58,1.0,2095,0.2677563463388545,0.7768930677639869,1930,187,4263
Completed,0.55,63,1.0,2121,0.999,0.178935922673695,3398,5000,4083
Completed,0.56,61,1.0,2106,0.999,0.446353332044307,3245,992,5000
Completed,0.55,61,1.0,2092,0.999,0.9029142724506912,2089,1,4458
Completed,0.57,60,1.0,2091,0.0920452869104291,0.999,1494,1,3232
Completed,0.55,62,1.0,2096,0.999,0.6430704919907272,2636,1,3567
Completed,0.55,72,1.0,2158,0.999,0.0588219360542399,2134,402,4670
Completed,0.57,64,1.0,2114,0.999,0.5401737669333575,2457,5000,4815
Completed,0.56,70,1.0,2143,0.999,0.5873834146684672,1595,3060,4622
Completed,0.55,67,1.0,2129,0.999,0.3623027081431862,1052,2453,2276
Completed,0.55,2,0.0,4449,0.999,0.001,1,3399,5000
Completed,0.55,2,0.0,4562,0.001,0.001,1,230,1
Completed,0.55,2,0.0,4398,0.6079315446579179,0.6418233460942407,1,5000,2384
Completed,0.55,2,0.0,3832,0.001,0.999,1,5000,1
Completed,0.55,2,0.0,4495,0.999,0.001,1,1372,5000
Completed,0.57,50,1.0,2048,0.349572444443037,0.93740832361653,2340,4875,3608
Completed,0.55,2,0.0,4936,0.4836461691067558,0.999,1,1,5000
Completed,0.55,2,0.0,2267,0.001,0.2154704131545773,1,320,10
Completed,0.55,2,0.0,2277,0.001,0.001,1,1,3701
Completed,0.58,45,1.0,2022,0.999,0.1556689940269625,5000,5000,4846
Completed,0.55,2,0.0,4059,0.001,0.999,1,1396,1
Completed,0.58,64,1.0,2059,0.001,0.999,2089,5000,2572
Completed,0.55,2,0.0,2867,0.999,0.999,1,3846,4907
Completed,0.58,45,1.0,2003,0.999,0.001,4375,4735,5000
Completed,0.55,2,0.0,2271,0.001,0.999,1,4351,2459
Completed,0.58,52,1.0,2026,0.4112405938161453,0.999,2342,798,3697
Completed,0.55,2,0.0,2826,0.999,0.263149376052363,1,4790,1268
Completed,0.57,327,1.0,4249,0.001,0.001,5000,1256,1
Completed,0.57,334,1.0,4510,0.001,0.999,5000,5000,5000
Completed,0.57,300,1.0,4580,0.001,0.999,5000,2685,4524
Completed,0.57,399,1.0,1993,0.6554232513213768,0.999,2882,5000,5000
Completed,0.56,314,1.0,3701,0.999,0.001,5000,5000,4056
Completed,0.57,403,1.0,1997,0.999,0.999,5000,5000,5000
Completed,0.57,376,1.0,4443,0.001,0.001,5000,1543,5000
Completed,0.57,365,1.0,4175,0.999,0.001,5000,3401,4956
Completed,0.57,361,1.0,2000,0.999,0.001,5000,2675,289
Completed,0.57,399,1.0,4547,0.001,0.999,209,4656,1
Completed,0.57,379,1.0,4225,0.999,0.001,388,1,12
Completed,0.57,460,1.0,4180,0.001,0.001,4361,1164,5000
Completed,0.57,410,1.0,4295,0.001,0.001,5000,2718,5000
Completed,0.54,100,1.0,2323,0.001,0.2663993855677266,1557,5000,2191
Completed,0.54,98,1.0,2304,0.001,0.001,2034,5000,938
Completed,0.55,100,1.0,2315,0.001,0.3249024842706209,1378,302,5000
Completed,0.54,160,1.0,2898,0.001,0.999,1983,5000,5000
Completed,0.54,102,1.0,2295,0.999,0.3927732553757904,5000,5000,5000
Completed,0.55,263,1.0,3575,0.001,0.999,1936,5000,5000
Completed,0.54,215,1.0,2885,0.001,0.001,1670,5000,1
Completed,0.56,275,1.0,3505,0.001,0.999,1746,1,5000
Completed,0.54,219,1.0,2845,0.001,0.4337390293004833,1485,5000,4299
Completed,0.54,238,1.0,2883,0.9474325939937012,0.7358376413283746,1474,2116,1
Completed,0.55,241,1.0,3470,0.999,0.999,5000,5000,5000
Completed,0.56,276,1.0,3534,0.001,0.999,5000,5000,5000
Completed,0.57,333,1.0,4269,0.001,0.999,1086,338,2712
Completed,0.57,374,1.0,3951,0.999,0.999,5000,5000,5000
Completed,0.57,359,1.0,4466,0.001,0.001,917,1,67
Completed,0.55,363,1.0,3678,0.999,0.999,2658,5000,5000
Completed,0.57,390,1.0,5000,0.999,0.001,5000,3125,5000
Completed,0.57,399,1.0,4217,0.001,0.999,2332,5000,5000
Completed,0.57,397,1.0,3818,0.001,0.999,1750,1,1
Completed,0.56,515,1.0,3500,0.001,0.999,1222,5000,1
Completed,0.54,571,1.0,2942,0.001,0.999,1927,5000,1
Completed,0.55,553,1.0,2333,0.001,0.999,1510,3531,1
Completed,0.55,665,1.0,3616,0.001,0.999,2122,5000,1
Completed,0.55,613,1.0,3355,0.999,0.999,5000,5000,1
Completed,0.55,657,1.0,3587,0.999,0.999,3549,5000,1
Completed,0.57,723,1.0,4198,0.001,0.999,1801,5000,1
Completed,0.56,779,1.0,3770,0.999,0.999,1861,5000,1
Completed,0.57,737,1.0,4631,0.999,0.999,5000,5000,1
Completed,0.57,774,1.0,4000,0.001,0.999,5000,5000,1
Completed,0.57,806,1.0,4087,0.001,0.999,2165,5000,1
Completed,0.55,2,0.0,4312,0.999,0.8104470791004247,1,1,4747
Completed,0.55,2,0.0,4786,0.001,0.001,1,288,4447
Completed,0.55,2,0.0,4662,0.001,0.001,1,1,2020
Completed,0.55,2,0.0,4570,0.001,0.001,1,2714,2831
Completed,0.55,2,0.0,3934,0.001,0.999,1,1,1
Completed,0.55,2,0.0,3405,0.001,0.1985658247789022,1,3022,4836
Completed,0.55,2,0.0,1642,0.001,0.001,1,5000,5000
Completed,0.56,46,1.0,2068,0.001,0.7401652592936223,2393,2871,4452
Completed,0.55,2,0.0,4383,0.001,0.2331898028254372,1,1649,4436
Completed,0.55,2,0.0,4779,0.999,0.999,1,4915,5000
Completed,0.55,2,0.0,4815,0.001,0.999,1,4998,5000
Completed,0.56,54,1.0,2064,0.001,0.001,5000,3836,5000
Completed,0.55,2,0.0,4229,0.999,0.999,1,4560,3004
Completed,0.55,2,0.0,4997,0.999,0.999,1,967,5000
Completed,0.55,2,0.0,1662,0.999,0.001,1,5000,4692
Completed,0.57,52,1.0,2051,0.999,0.001,4520,1,5000
Completed,0.56,60,1.0,2070,0.999,0.001,4892,1267,5000
Completed,0.56,41,0.998,1,0.7357954389087745,0.7692475861077148,1695,3227,2487
Completed,0.56,41,0.998,1,0.6853267324407853,0.7054558226762395,4345,4679,2344
Completed,0.57,52,1.0,2042,0.999,0.001,4145,1,3767
Completed,0.55,65,1.0,2098,0.999,0.001,5000,4606,5000
Completed,0.56,45,0.998,1,0.999,0.001,3243,2603,3749
Completed,0.57,61,1.0,2095,0.1650178173360719,0.001,4666,1,5000
Completed,0.57,308,1.0,5000,0.001,0.999,3677,1753,5000
Completed,0.57,339,1.0,1972,0.999,0.001,5000,1,5000
Completed,0.57,320,1.0,1987,0.001,0.999,2505,1739,5000
Completed,0.57,375,1.0,3981,0.001,0.001,2786,2412,5000
Completed,0.57,412,1.0,1973,0.001,0.001,5000,1,5000
Completed,0.56,404,0.977,1,0.001,0.999,3368,4437,1
Completed,0.57,439,1.0,1992,0.999,0.001,3341,1,3339
Completed,0.55,2,0.0,1482,0.001,0.294922602681146,1,5000,4013
Completed,0.56,16,0.998,1,0.999,0.5560938554303736,37,5000,1
Completed,0.55,2,0.0,4509,0.001,0.8564688660515122,1,1,4670
Completed,0.56,40,0.978,1,0.001,0.001,1320,1,1059
Completed,0.56,40,0.998,1,0.999,0.2720263892262283,4470,4268,5000
Completed,0.56,41,0.978,1,0.001,0.001,4825,132,3734
Completed,0.56,39,0.998,1,0.999,0.255394595653948,1787,156,4996
Completed,0.56,41,0.998,1,0.999,0.001,2205,5000,4222
Completed,0.56,44,0.998,1,0.999,0.999,724,1332,4432
Completed,0.56,43,0.998,1,0.999,0.999,2193,1781,5000
Completed,0.56,48,0.9755,1,0.0928462637665011,0.999,566,4041,1145
Completed,0.57,52,1.0,2054,0.999,0.001,4382,5000,5000
Completed,0.56,62,1.0,2128,0.999,0.001,4379,5000,4145
Completed,0.55,2,0.0,1378,0.999,0.001,1,1,5000
Completed,0.56,62,1.0,2085,0.999,0.001,4400,5000,4003
Completed,0.57,50,1.0,2044,0.001,0.001,4387,5000,3803
Completed,0.56,43,0.998,1,0.999,0.999,5000,1915,5000
Completed,0.56,43,0.9875,1,0.001,0.999,4016,1,5000
Completed,0.55,2,0.0,1192,0.999,0.001,1,1,4215
Completed,0.57,44,1.0,78,0.001,0.001,332,826,4144
Completed,0.56,43,0.998,1,0.999,0.999,5000,1,1909
Completed,0.56,40,0.998,1,0.999,0.001,5000,1,808
Completed,0.55,2,0.0,2266,0.001,0.999,1,859,5000
Completed,0.56,40,0.998,1,0.999,0.335295246027957,5000,5000,4438
Completed,0.56,42,0.998,1,0.999,0.6156237785329944,3663,5000,5000
Completed,0.57,60,1.0,66,0.999,0.001,4862,5000,3122
Completed,0.57,60,1.0,77,0.001,0.4539727650345778,5000,1,4996
Completed,0.56,43,0.978,1,0.001,0.001,5000,5000,1745
Completed,0.56,41,0.978,1,0.001,0.001,4179,1,5000
Completed,0.57,67,1.0,104,0.999,0.001,1468,1,1680
Completed,0.55,2,0.0,97,0.001,0.001,1,1,1
Completed,0.55,2,0.0,161,0.001,0.001,1,5000,1
Completed,0.55,2,0.0,107,0.999,0.7260688930691831,1,636,1200
Completed,0.55,2,0.0,90,0.999,0.7699584127237218,1,5000,2652
Completed,0.55,2,0.0,145,0.999,0.999,1,1,5000
Completed,0.55,2,0.0,2716,0.999,0.001,1,1,592
Completed,0.55,2,0.0,76,0.001,0.001,1,5000,1635
Completed,0.55,2,0.0,1,0.999,0.001,1,1,1810
Completed,0.55,2,0.0,87,0.999,0.999,1,1,1
Completed,0.58,58,1.0,66,0.001,0.001,578,5000,1702
Completed,0.55,2,0.0,1,0.001,0.001,1,5000,2721
Completed,0.56,48,0.978,1,0.001,0.001,820,5000,3998
Completed,0.57,67,1.0,117,0.001,0.999,4413,5000,4711
Completed,0.57,65,1.0,102,0.001,0.5752950077360768,1249,5000,4930
Completed,0.57,65,1.0,103,0.999,0.5820450507667724,871,1,2446
Completed,0.57,39,1.0,44,0.999,0.001,369,1,1
Completed,0.56,70,1.0,137,0.001,0.6151052458692206,5000,3655,1455
Completed,0.56,66,1.0,82,0.999,0.001,931,5000,1
Completed,0.57,53,1.0,55,0.999,0.001,2319,1,1
Completed,0.57,64,1.0,119,0.001,0.001,1314,5000,5000
Completed,0.57,69,1.0,142,0.999,0.001,5000,1,1
Completed,0.56,65,1.0,107,0.999,0.999,1495,1,4808
Completed,0.56,55,1.0,80,0.999,0.001,798,5000,3092
Completed,0.55,73,1.0,125,0.001,0.5232291613909225,877,3798,1
Completed,0.56,75,1.0,200,0.001,0.6624551240094088,5000,1,1
Completed,0.57,86,1.0,102,0.001,0.001,3371,1,5000
Completed,0.56,75,1.0,144,0.999,0.3261728242037522,1337,1,5000
Completed,0.57,100,1.0,120,0.001,0.999,1175,1,1
Completed,0.57,72,1.0,110,0.999,0.001,3914,1,2436
Completed,0.55,121,1.0,419,0.999,0.7781241532529755,5000,1651,247
Completed,0.55,2,0.0,4503,0.999,0.001,1,1,2812
Completed,0.55,2,0.0,3490,0.001,0.999,1,5000,5000
Completed,0.55,2,0.0,1242,0.001,0.001,1,5000,1155
Completed,0.55,2,0.0,505,0.001,0.001,1,5000,1
Completed,0.55,2,0.0,1215,0.001,0.999,1,452,2847
Completed,0.55,2,0.0,576,0.001,0.999,1,5000,5000
Completed,0.57,60,1.0,74,0.001,0.001,2487,730,3405
Completed,0.55,2,0.0,1062,0.001,0.7050821386990095,1,5000,5000
Completed,0.55,2,0.0,2778,0.999,0.999,1,1,1
Completed,0.55,2,0.0,1124,0.001,0.999,1,1,3212
Completed,0.55,56,1.0,69,0.999,0.2595060361517935,2572,1,5000
Completed,0.57,63,1.0,101,0.999,0.9550615698139456,4553,1,4005
Completed,0.58,56,1.0,78,0.001,0.999,2405,5000,5000
Completed,0.56,58,1.0,81,0.999,0.001,2641,5000,5000
Completed,0.57,53,1.0,57,0.001,0.001,2105,2420,2304
Completed,0.57,69,1.0,119,0.001,0.001,2643,5000,2637
Completed,0.55,2,0.0,2263,0.001,0.001,1,5000,2280
Completed,0.56,61,1.0,99,0.001,0.001,5000,1,2408
Completed,0.55,2,0.0,44,0.999,0.001,1,2388,5000
Completed,0.56,58,1.0,79,0.999,0.999,3196,1,5000
Completed,0.55,2,0.0,4679,0.999,0.999,1,1,5000
Completed,0.55,2,0.0,3472,0.001,0.001,1,1,3139
Completed,0.55,2,0.0,655,0.001,0.321744723981111,1,3056,4837
Completed,0.55,2,0.0,45,0.001,0.999,1,5000,5000
Completed,0.55,2,0.0,1125,0.999,0.999,1,4747,994
Completed,0.59,44,0.9955,14,0.001,0.001,2328,1,3164
Completed,0.56,78,1.0,181,0.999,0.001,2724,4809,1
Completed,0.57,55,1.0,82,0.001,0.999,5000,2597,3041
Completed,0.55,73,1.0,174,0.001,0.001,4797,56,3095
Completed,0.56,70,1.0,134,0.999,0.001,3456,5000,5000
Completed,0.55,2,0.0,510,0.999,0.001,1,5000,4856
Completed,0.55,2,0.0,1112,0.001,0.001,1,5000,2477
Completed,0.55,2,0.0,627,0.001,0.999,1,1,1744
Completed,0.55,2,0.0,477,0.001,0.001,1,1,5000
Completed,0.55,2,0.0,550,0.999,0.001,1,3878,2799
Completed,0.55,2,0.0,2657,0.999,0.001,1,4900,4662
Completed,0.55,2,0.0,3211,0.999,0.001,1,1,5000
Completed,0.55,2,0.0,1272,0.001,0.6918271821954223,1,5000,5000
Completed,0.55,2,0.0,1,0.001,0.999,1,1,2861
Completed,0.55,2,0.0,3010,0.001,0.001,1,1,5000
Completed,0.55,2,0.0,734,0.001,0.999,1,1077,5000
Completed,0.55,2,0.0,4304,0.001,0.999,1,5000,5000
Completed,0.55,2,0.0,832,0.999,0.001,1,1,3600
Completed,0.55,2,0.0,3549,0.999,0.001,1,1,5000
Completed,0.55,2,0.0,646,0.999,0.001,1,1819,1
Completed,0.57,48,1.0,36,0.001,0.001,3877,5000,3352
Completed,0.55,2,0.0,3140,0.999,0.001,1,1,1
Completed,0.58,54,1.0,47,0.001,0.001,1704,5000,1
Completed,0.56,66,1.0,101,0.001,0.999,1746,5000,3132
Completed,0.58,51,1.0,51,0.001,0.999,2118,1,3051
Completed,0.56,66,1.0,97,0.001,0.001,4553,5000,1
Completed,0.54,137,1.0,515,0.999,0.17417874272678,1088,5000,5000
Completed,0.54,139,1.0,513,0.001,0.0505428410408259,3607,1,1
Completed,0.54,122,1.0,511,0.999,0.999,2506,5000,5000
Completed,0.55,144,1.0,565,0.001,0.001,1423,464,3555
Completed,0.55,151,1.0,595,0.999,0.001,681,5000,2827
Completed,0.54,145,1.0,570,0.001,0.4529109033175518,1077,154,5000
Completed,0.57,352,1.0,1992,0.999,0.999,2521,1642,4603
Completed,0.54,397,1.0,587,0.001,0.999,859,2909,1
Completed,0.54,485,1.0,455,0.999,0.999,3306,4033,1
Completed,0.55,2,0.0,190,0.001,0.4009474513813541,1,5000,5000
Completed,0.55,2,0.0,3443,0.999,0.7310856809642636,1,1,1
Completed,0.55,2,0.0,1506,0.999,0.999,1,4907,5000
Completed,0.55,2,0.0,2321,0.999,0.3369704668781856,1,4914,5000
Completed,0.55,2,0.0,3327,0.001,0.001,1,1,3309
Completed,0.55,2,0.0,2784,0.999,0.001,1,1,5000
Completed,0.55,2,0.0,2693,0.001,0.9310319090104122,1,5000,1938
Completed,0.58,48,1.0,2022,0.001,0.999,2232,5000,3420
Completed,0.55,2,0.0,2770,0.001,0.001,1,1,3500
Completed,0.55,2,0.0,2942,0.999,0.001,1,1,1785
Completed,0.55,2,0.0,1447,0.999,0.001,1,5000,2254
Completed,0.55,2,0.0,1,0.001,0.8879782944643855,1,1,1
Completed,0.55,2,0.0,220,0.001,0.3298015412613356,1,1,2837
Completed,0.56,41,0.978,1,0.001,0.001,1888,5000,2013
Completed,0.59,43,0.9935,10,0.001,0.4741938862103901,1865,1,4162
Completed,0.57,53,1.0,53,0.001,0.001,2036,1,1
Completed,0.55,53,1.0,65,0.001,0.999,2035,1,5000
Completed,0.56,41,0.978,1,0.001,0.001,1751,1,1
Completed,0.56,57,1.0,92,0.001,0.001,1958,5000,1929
Completed,0.58,52,1.0,47,0.001,0.001,2249,5000,1
Completed,0.56,72,1.0,150,0.001,0.001,2093,1,1868
Completed,0.54,163,1.0,659,0.001,0.001,5000,1,456
Completed,0.54,178,1.0,835,0.999,0.001,5000,1,1
Completed,0.54,172,1.0,2711,0.001,0.766398375084678,5000,3268,1
Completed,0.55,254,1.0,1156,0.999,0.001,712,4258,5000
Completed,0.57,291,1.0,1988,0.001,0.999,2483,3267,3563
Completed,0.55,272,1.0,3391,0.001,0.001,859,1,5000
Completed,0.57,305,1.0,1983,0.001,0.999,2644,5000,4062
Completed,0.57,364,1.0,5000,0.999,0.001,3408,211,1
Completed,0.55,506,1.0,2615,0.999,0.999,5000,2171,1
Completed,0.55,75,1.0,2194,0.999,0.001,4440,5000,5000
Completed,0.55,89,1.0,2264,0.001,0.001,4324,1,5000
Completed,0.56,90,1.0,2222,0.001,0.3294165539958325,2646,5000,3694
Completed,0.55,111,1.0,550,0.001,0.001,2753,5000,5000
Completed,0.53,113,1.0,403,0.001,0.001,2305,151,5000
Completed,0.55,113,1.0,2314,0.001,0.001,3205,5000,5000
Completed,0.54,156,1.0,652,0.001,0.001,2519,5000,5000
Completed,0.54,153,1.0,2800,0.999,0.001,582,1,1
Completed,0.55,165,1.0,2655,0.999,0.001,640,1,2425
Completed,0.53,142,1.0,2536,0.001,0.001,597,1469,3294
Completed,0.55,162,1.0,2646,0.999,0.7301168142402619,613,1,5000
Completed,0.54,169,1.0,2692,0.999,0.001,617,5000,1
Completed,0.54,158,1.0,610,0.001,0.001,2723,1,5000
Completed,0.54,191,1.0,787,0.001,0.001,2358,3294,5000
Completed,0.55,209,1.0,2910,0.999,0.001,4784,1,1
Completed,0.55,227,1.0,3266,0.001,0.999,2618,969,5000
Completed,0.54,228,1.0,986,0.001,0.001,2485,5000,1
Completed,0.54,269,1.0,3249,0.001,0.001,2549,1,5000
Completed,0.57,310,1.0,5000,0.999,0.999,4351,3856,5000
Completed,0.57,345,1.0,5000,0.999,0.999,711,1,5000
Completed,0.57,350,1.0,5000,0.001,0.001,698,1,1
Completed,0.57,357,1.0,4629,0.999,0.001,619,1,1
Completed,0.57,368,1.0,5000,0.999,0.001,4504,1,5000
Completed,0.57,357,1.0,5000,0.999,0.001,3824,1,5000
Completed,0.57,368,1.0,5000,0.001,0.999,2658,1,5000
Completed,0.57,364,1.0,4506,0.999,0.001,647,1,5000
Completed,0.57,356,1.0,5000,0.001,0.999,4624,1,5000
Completed,0.57,389,1.0,5000,0.001,0.999,4252,1,1
Completed,0.56,433,0.977,1,0.001,0.999,2004,3556,1
Completed,0.55,584,1.0,1043,0.001,0.999,2273,5000,1
Completed,0.55,2,0.0,91,0.001,0.459303553129572,1,1271,2355
Completed,0.55,2,0.0,4691,0.001,0.001,1,1,5000
Completed,0.55,2,0.0,930,0.999,0.999,1,1,1996
Completed,0.55,2,0.0,747,0.999,0.4300932227628111,1,5000,1983
Completed,0.55,2,0.0,1553,0.001,0.001,1,1,5000
Completed,0.55,2,0.0,3287,0.001,0.999,1,3460,1
Completed,0.55,2,0.0,3055,0.999,0.999,1,490,5000
Completed,0.55,2,0.0,2134,0.001,0.6295233393149535,1,3200,2679
Completed,0.58,40,0.985,3,0.001,0.4613138998640624,4546,1,2949
Completed,0.56,54,1.0,56,0.001,0.001,3237,89,1
Completed,0.58,52,1.0,50,0.999,0.001,4447,1,1933
Completed,0.56,41,0.978,1,0.001,0.6552571570662792,2604,1987,5000
Completed,0.56,60,1.0,97,0.001,0.3795261966686016,4342,1,5000
Completed,0.56,57,1.0,56,0.001,0.4626464833210489,2229,4764,5000
Completed,0.57,65,1.0,71,0.001,0.5737681483542412,3720,5000,5000
Completed,0.58,52,1.0,2035,0.001,0.9210749748878936,2156,2258,3457
Completed,0.56,62,1.0,119,0.001,0.999,237,4861,1659
Completed,0.55,2,0.0,1438,0.999,0.999,1,450,1262
Completed,0.55,2,0.0,904,0.999,0.999,1,1386,4377
Completed,0.55,2,0.0,3339,0.001,0.001,1,520,1
Completed,0.57,53,1.0,45,0.999,0.001,1918,1,2571
Completed,0.57,51,0.996,44,0.001,0.999,1055,5000,5000
Completed,0.57,48,1.0,27,0.999,0.001,3933,2451,1
Completed,0.53,106,1.0,379,0.001,0.001,5000,5000,3832
Completed,0.57,353,1.0,1983,0.001,0.999,2807,1,4988
Completed,0.57,407,1.0,4280,0.999,0.001,3269,1,1
Completed,0.57,368,1.0,4440,0.999,0.001,3527,5000,5000
Completed,0.57,390,1.0,4346,0.001,0.001,2965,1,1
Completed,0.57,427,1.0,1988,0.001,0.38457002271066,3747,5000,5000
Completed,0.57,332,1.0,4449,0.001,0.999,3691,562,5000
Completed,0.55,2,0.0,1286,0.001,0.999,1,3910,1
Completed,0.55,2,0.0,3402,0.999,0.999,1,2998,2034
Completed,0.55,2,0.0,888,0.001,0.001,1,2158,610
Completed,0.55,2,0.0,1367,0.999,0.999,1,30,4053
Completed,0.57,54,1.0,55,0.999,0.5712415087631251,5000,1258,1
Completed,0.58,53,1.0,51,0.001,0.001,3341,1,1645
Completed,0.55,2,0.0,3099,0.001,0.999,1,1,687
Completed,0.55,2,0.0,3352,0.999,0.4750305417310236,1,3058,1916
Completed,0.55,2,0.0,1293,0.999,0.7896616830605298,1,370,1961
Completed,0.56,41,0.978,1,0.001,0.6179738149982442,5000,757,1
Completed,0.6,49,1.0,2006,0.001,0.999,2247,5000,2983
Completed,0.56,44,1.0,2136,0.001,0.001,200,259,1
Completed,0.57,58,1.0,76,0.999,0.001,3300,1,2029
Completed,0.55,89,1.0,223,0.999,0.999,5000,1462,5000
Completed,0.54,173,1.0,3008,0.001,0.999,5000,2090,5000
Completed,0.55,235,1.0,3079,0.999,0.001,5000,2419,5000
Completed,0.55,195,1.0,3132,0.001,0.999,5000,1986,5000
Completed,0.57,317,1.0,1996,0.999,0.999,2335,4931,3589
Completed,0.56,433,1.0,67,0.001,0.999,5000,225,1
Completed,0.55,488,1.0,1067,0.001,0.999,5000,2904,1
Completed,0.58,52,1.0,2030,0.7698229016065598,0.1161787413805723,1201,4100,2449
Completed,0.57,72,1.0,78,0.5280467545166612,0.5809090546611696,3596,3069,1820
Completed,0.54,235,1.0,808,0.0939313279278576,0.7648928676843643,2785,3443,488
Completed,0.54,84,1.0,338,0.4843430309239775,0.1971857508942484,4474,1587,2181
Completed,0.57,393,1.0,4751,0.4202927481811493,0.6536798836570233,3852,875,2543
Completed,0.56,389,1.0,3702,0.7238836577218026,0.4729857425522059,2321,1512,4526
Completed,0.54,257,1.0,2953,0.1629467103276402,0.1808430476598441,1256,1879,3173
Completed,0.55,171,1.0,2609,0.8323496229276061,0.5339016057159751,574,3361,2831
Completed,0.55,296,1.0,1510,0.3355613732114434,0.2922959457430988,234,4936,1109
Completed,0.56,252,1.0,1171,0.917568079514429,0.3962215410191566,4132,2430,830
Completed,0.57,373,1.0,4250,0.9811311914119868,0.9379710606001318,4760,31,3906
Completed,0.54,85,1.0,2292,0.2270573075842112,0.7303819191921502,1883,582,1562
Completed,0.57,395,1.0,3969,0.0307333227619528,0.3393654268439859,3413,4018,4795
Completed,0.57,402,1.0,1874,0.6602599933687597,0.92169052336365,1697,949,200
Completed,0.55,321,1.0,3423,0.2725476576425135,0.8723294290639461,857,2525,4165
Completed,0.57,327,1.0,4406,0.5907575293518603,0.008680147845298,2974,4393,3450
Completed,0.54,221,1.0,986,0.3104117360003292,0.5093849985674024,1461,4224,3620
Completed,0.55,301,1.0,3256,0.8816417094748468,0.2213919332977384,3489,731,1370
Completed,0.57,342,1.0,4534,0.1999024814050644,0.9013140374626964,30,1343,694
Completed,0.53,160,1.0,485,0.8731756000891328,0.8327616627383977,2428,4787,4933
Completed,0.55,84,1.0,204,0.1392028831187635,0.4523731273561716,652,1118,4024
Completed,0.55,224,1.0,2736,0.4415563245806843,0.4365794226415455,2581,161,74
Completed,0.53,162,1.0,641,0.701076369209215,0.1451757785174995,466,398,2732
Completed,0.55,248,1.0,3100,0.5537282305583358,0.7852063008826226,4240,3830,963
Completed,0.55,340,1.0,1689,0.053041900254786,0.0444028592724353,4056,2905,2990
Completed,0.56,394,1.0,3803,0.6398893621359021,0.6939912160672247,1094,2063,1999
Completed,0.55,320,1.0,3518,0.1147778277732431,0.6173704246245325,4679,4557,2277
Completed,0.57,382,1.0,4064,0.3719636118635535,0.0918980850707739,2089,3237,1657
Completed,0.57,415,1.0,4896,0.811136255953461,0.2520049238912761,1806,2674,333
Completed,0.55,2,0.0,2037,0.999,0.001,1,4328,2124
Completed,0.57,50,1.0,29,0.999,0.001,4048,4655,1570
Completed,0.57,72,1.0,2120,0.001,0.771300723490473,2181,2103,3588
Completed,0.57,49,1.0,27,0.999,0.001,2927,2871,2099
Completed,0.55,2,0.0,4563,0.001,0.4569398697769124,1,3426,5000
Completed,0.57,68,1.0,59,0.999,0.3829206443862812,5000,5000,2763
Completed,0.56,48,0.998,1,0.999,0.2985864275500203,3812,1,2756
Completed,0.56,62,1.0,56,0.001,0.001,2674,1,2153
Completed,0.55,2,0.0,2964,0.001,0.999,1,2748,3063
Completed,0.57,71,1.0,70,0.001,0.001,4059,5000,1
Completed,0.55,2,0.0,3637,0.001,0.999,1,3812,1
Completed,0.55,2,0.0,1877,0.001,0.001,1,3745,3445
Completed,0.57,550,1.0,1995,0.001,0.9156452681601368,2424,5000,3911
Completed,0.59,52,1.0,2050,0.001,0.8012294899270462,2158,2779,3393
Completed,0.6,43,1.0,2006,0.999,0.7600472533959074,2306,1,3636
Completed,0.59,49,1.0,2034,0.999,0.8034864277805018,2212,921,3553
Completed,0.58,65,1.0,74,0.999,0.5992927917452732,4830,3005,3244
Completed,0.57,51,1.0,2046,0.999,0.7771316266113567,2202,1,3492
Completed,0.57,478,1.0,1994,0.001,0.6939257145613666,2365,1616,3247
Completed,0.57,441,1.0,1989,0.999,0.7539296709760747,2604,1,3541
Completed,0.58,53,1.0,2019,0.999,0.999,2176,1,3908
Completed,0.57,55,1.0,21,0.001,0.6149316360858328,1026,1,5000
Completed,0.56,63,1.0,60,0.001,0.001,2909,5000,3249
Completed,0.55,2,0.0,4576,0.001,0.999,1,4454,5000
Completed,0.58,68,1.0,2038,0.999,0.999,2097,4002,4119
Completed,0.55,166,1.0,2442,0.001,0.001,4664,5000,4014
Completed,0.57,429,1.0,1993,0.999,0.999,2178,102,3721
Completed,0.56,64,1.0,2057,0.999,0.999,2071,1769,3664
Completed,0.57,64,1.0,76,0.999,0.001,4705,1,1
Completed,0.57,421,1.0,1978,0.999,0.001,4135,3754,5000
Completed,0.55,2,0.0,4992,0.001,0.001,1,5000,3929
Completed,0.59,68,1.0,2007,0.999,0.6435293819644944,2124,5000,3581
Completed,0.55,76,1.0,2148,0.001,0.999,2113,4394,4142
Completed,0.58,51,1.0,2025,0.999,0.999,2127,4597,2930
Completed,0.57,77,1.0,75,0.999,0.001,4499,5000,2171
Completed,0.57,72,1.0,64,0.999,0.7436817892313229,4403,5000,5000
Completed,0.57,501,1.0,1981,0.999,0.999,2178,5000,4684
Completed,0.55,3,0.0,4056,0.001,0.999,1,5000,5000
Completed,0.56,53,0.978,1,0.001,0.001,2014,2352,5000
Completed,0.57,473,1.0,1973,0.999,0.999,1820,1,3690
Completed,0.58,53,1.0,47,0.999,0.999,1673,1,3697
Completed,0.57,76,1.0,59,0.999,0.001,2328,881,2004
Completed,0.55,87,1.0,69,0.999,0.001,5000,5000,1
Completed,0.56,83,1.0,67,0.999,0.001,4168,1,1
Completed,0.57,91,1.0,110,0.999,0.001,1914,4317,3896
Completed,0.57,72,1.0,2032,0.999,0.4895613386657353,2197,4317,3364
Completed,0.56,56,0.978,1,0.001,0.001,961,746,1
Completed,0.57,526,1.0,1988,0.999,0.4020274863716802,2294,5000,3284
Completed,0.58,557,1.0,2002,0.001,0.999,2092,2733,1
Completed,0.58,435,1.0,1976,0.001,0.999,1857,5000,4125
Completed,0.57,376,1.0,1971,0.999,0.999,4312,5000,5000
Completed,0.57,511,1.0,1978,0.999,0.001,2222,1954,2540
Completed,0.55,72,1.0,69,0.999,0.001,4379,2116,3610
Completed,0.55,2,0.0,4199,0.001,0.999,1,1438,5000
Completed,0.57,68,1.0,54,0.999,0.4469387568863352,1924,4883,3154
Completed,0.56,65,1.0,56,0.001,0.5781428312752409,1832,460,3164
Completed,0.57,70,1.0,49,0.001,0.6306296480339937,1860,5000,3718
Completed,0.55,2,0.0,380,0.001,0.999,1,2062,1787
Completed,0.55,2,0.0,2120,0.001,0.001,1,1,2454
Completed,0.57,66,1.0,43,0.999,0.5344961474893015,802,4522,2714
Completed,0.55,3,0.0,3939,0.999,0.999,1,1,5000
Completed,0.57,68,1.0,2061,0.001,0.999,2284,4746,3812
Completed,0.55,2,0.0,440,0.999,0.999,1,1842,5000
Completed,0.56,63,1.0,57,0.999,0.2844120097206187,4548,1,4979
Completed,0.55,2,0.0,1059,0.999,0.001,1,4049,2151
Completed,0.57,414,1.0,1977,0.001,0.999,2013,1,3738
Completed,0.55,2,0.0,3683,0.999,0.999,1,1857,5000
Completed,0.55,2,0.0,1892,0.001,0.999,1,834,3580
Completed,0.57,406,1.0,1970,0.999,0.6537963400911024,2006,1165,3578
Completed,0.56,87,1.0,2127,0.001,0.999,2317,4728,4171
Completed,0.56,68,1.0,2040,0.001,0.999,2431,5000,4010
Completed,0.56,89,1.0,88,0.999,0.999,493,3921,3181
Completed,0.56,65,1.0,56,0.999,0.001,1937,5000,1187
Completed,0.55,2,0.0,355,0.001,0.001,1,1969,1964
Completed,0.57,438,1.0,1970,0.999,0.001,4522,427,2704
Completed,0.57,62,0.996,44,0.001,0.999,1713,5000,3943
Completed,0.56,81,1.0,2141,0.999,0.999,2597,2242,4950
Completed,0.56,71,1.0,2134,0.999,0.999,2469,4827,3701
Completed,0.57,60,1.0,46,0.999,0.001,4763,5000,5000
Completed,0.57,67,1.0,2115,0.001,0.999,5000,885,5000
Completed,0.56,39,0.998,1,0.999,0.001,987,1,2380
Completed,0.56,269,1.0,1498,0.999,0.999,5000,1340,5000
Completed,0.55,2,0.0,293,0.001,0.001,1,1741,5000
Completed,0.55,2,0.0,187,0.999,0.999,1,77,1
Completed,0.58,333,1.0,1998,0.001,0.999,2111,5000,1667
Completed,0.55,2,0.0,965,0.001,0.001,1,3720,3499
Completed,0.55,2,0.0,3242,0.001,0.001,1,4601,341
Completed,0.58,70,1.0,63,0.999,0.001,4133,5000,5000
Completed,0.55,80,1.0,2141,0.001,0.001,5000,5000,5000
Completed,0.55,2,0.0,2355,0.999,0.999,1,3359,4259
Completed,0.57,83,1.0,105,0.001,0.001,1689,289,1
Completed,0.55,2,0.0,1,0.999,0.4252805552869328,1,4761,5000
Completed,0.54,326,1.0,1417,0.001,0.001,5000,4961,177
Completed,0.57,71,1.0,59,0.001,0.001,1785,1,1108
Completed,0.56,54,0.978,1,0.001,0.001,1115,1,5000
Completed,0.56,61,1.0,55,0.001,0.001,1987,311,5000
Completed,0.54,266,1.0,1086,0.999,0.001,3772,1833,5000
Completed,0.54,260,1.0,1058,0.999,0.001,4605,4333,5000
Completed,0.56,51,0.978,1,0.001,0.001,2995,5000,2212
Completed,0.58,55,1.0,2050,0.001,0.999,2437,1,4307
Completed,0.55,3,0.0,4870,0.001,0.001,1,5000,5000
Completed,0.55,83,1.0,2096,0.999,0.001,1299,1478,1
Completed,0.56,48,0.9745,1,0.001,0.999,5000,1022,5000
Completed,0.57,64,1.0,142,0.999,0.999,5000,2074,5000
Completed,0.58,62,1.0,2039,0.999,0.999,2666,3576,5000
Completed,0.57,49,1.0,2030,0.001,0.999,2623,5000,5000
Completed,0.56,55,1.0,2056,0.001,0.999,2584,4575,5000
Completed,0.55,2,0.0,2834,0.001,0.999,1,47,2085
Completed,0.55,2,0.0,2055,0.999,0.999,1,5000,2659
Completed,0.56,65,1.0,144,0.999,0.001,3781,1,1
Completed,0.55,2,0.0,3180,0.999,0.999,1,5000,5000
Completed,0.57,67,1.0,2067,0.001,0.999,2517,5000,5000
Completed,0.55,2,0.0,3581,0.001,0.999,1,1,2871
Completed,0.56,67,1.0,2138,0.001,0.001,2486,3226,408
Completed,0.55,2,0.0,3008,0.999,0.999,1,284,1
Completed,0.55,61,1.0,120,0.999,0.999,2457,1593,5000
Completed,0.57,62,1.0,2083,0.001,0.999,2490,4918,4960
Completed,0.56,40,0.978,1,0.001,0.001,4012,176,2326
Completed,0.56,43,0.998,1,0.999,0.001,3222,385,5000
Completed,0.55,68,1.0,159,0.999,0.001,5000,4897,4642
Completed,0.55,2,0.0,3533,0.999,0.001,1,962,1
Completed,0.57,61,1.0,2120,0.001,0.001,1364,4664,1
Completed,0.55,3,0.0,4405,0.999,0.999,1,1,5000
Completed,0.56,43,0.978,1,0.001,0.4190360504036352,594,3469,5000
Completed,0.54,72,1.0,171,0.999,0.001,1089,5000,1
Completed,0.57,358,1.0,4317,0.001,0.001,2346,1,5000
Completed,0.55,2,0.0,4041,0.999,0.999,1,1,1064
Completed,0.56,63,1.0,2124,0.001,0.999,3506,1032,4013
Completed,0.55,2,0.0,3144,0.001,0.001,1,1952,2546
Completed,0.55,2,0.0,3668,0.001,0.001,1,4022,5000
Completed,0.55,145,1.0,613,0.7989365608692169,0.6357066818475723,4593,1654,3439
Completed,0.57,299,1.0,4413,0.2820962653234601,0.0892193174213171,383,2871,1693
Completed,0.55,232,1.0,3320,0.6915856594461948,0.9736039257831872,3379,4257,406
Completed,0.57,336,1.0,1707,0.2098158472701907,0.3014548290167004,1674,620,4735
Completed,0.57,379,1.0,1967,0.5657510206047446,0.1333710611481219,2497,669,3084
Completed,0.55,213,1.0,3008,0.0805712578892707,0.5842149307839573,2647,4462,2412
Completed,0.57,449,1.0,4102,0.9262549848947674,0.4776947202309966,1132,3428,1115
Completed,0.54,229,1.0,873,0.4138011648803949,0.80470405770652,3777,2054,4370
Completed,0.55,245,1.0,1230,0.6766692877598107,0.3848737294208258,2978,2734,4577
Completed,0.56,328,1.0,3756,0.1643372809048742,0.8356563885435462,1890,1517,252
Completed,0.55,136,1.0,2662,0.8152223848737776,0.226207518171519,4343,132,1534
Completed,0.55,96,1.0,2323,0.3301644650604576,0.5532775902766734,760,3769,3285
Completed,0.55,254,1.0,1350,0.9410494393222034,0.8793208870682865,247,4950,3899
Completed,0.55,358,1.0,3667,0.4594014700483531,0.3328945983834565,4770,1157,649
Completed,0.57,362,1.0,4760,0.5493431929014623,0.7300047266930342,1460,2191,1941
Completed,0.54,84,1.0,257,0.0326247374694794,0.0577950142677873,3478,3564,2617
Completed,0.56,59,1.0,87,0.5044574035480619,0.8568386715892702,1068,361,844
Completed,0.56,1229,1.0,4899,0.0226887792218476,0.4372440013624727,4026,4144,4017
Completed,0.55,304,1.0,3493,0.9860561067983508,0.5009073313474653,2199,3110,2813
Completed,0.55,320,1.0,1493,0.4692165501732379,0.205025222113356,2661,1746,2057
Completed,0.53,122,1.0,2492,0.8638848115801812,0.3467988198082894,3170,1971,135
Completed,0.53,144,1.0,2525,0.3514302907530218,0.9244109856560826,1777,3178,4381
Completed,0.57,405,1.0,3931,0.6281296278387308,0.012704720493406,4461,4565,3168
Completed,0.55,231,1.0,1086,0.1429486884269863,0.7161007004547865,563,938,1339
Completed,0.54,210,1.0,739,0.8775935285445303,0.1069914640355855,1367,4008,2216
Completed,0.57,367,1.0,4287,0.3925344283170998,0.6846648403964937,3697,225,2966
Completed,0.54,131,1.0,2881,0.6142915913965553,0.2524966100528836,76,1258,4175
Completed,0.56,78,1.0,2145,0.1019588800109922,0.9558318553846328,4911,2622,998
Completed,0.56,378,1.0,1839,0.7364705304931849,0.5937322946693748,4084,3666,1810
Completed,0.55,232,1.0,3136,0.2197527833096683,0.1740765329003334,814,2459,3634
Completed,0.57,360,1.0,4542,0.7539288886468858,0.7639987179376185,2954,1075,4853
Completed,0.54,115,1.0,433,0.2722821035049855,0.468177224362269,2179,4701,601
Completed,0.54,102,1.0,343,0.7041147151626647,0.2471338270232081,484,2175,1056
Completed,0.57,321,1.0,4671,0.1917665431406349,0.5440504047106951,4384,3302,4075
Completed,0.54,221,1.0,3265,0.7877704140730202,0.3930633997637778,1854,4416,2867
Completed,0.56,365,1.0,1749,0.3027267558928579,0.8157675949148834,3249,709,2275
Completed,0.56,55,1.0,2080,0.9060508784912528,0.7343017668016255,2738,504,544
Completed,0.54,203,1.0,2907,0.4244190743844956,0.0340096048805862,2278,4367,4951
Completed,0.57,421,1.0,4313,0.5843485350720584,0.9041398261543364,3947,2902,3733
Completed,0.54,169,1.0,674,0.0676158180069178,0.3275640285760164,992,1619,1753
Completed,0.55,170,1.0,943,0.8338732150215655,0.9974539958387614,2102,3439,2116
Completed,0.57,350,1.0,4035,0.3170186550542712,0.2971007423754781,2875,2312,2713
Completed,0.54,154,1.0,2629,0.6566402934659272,0.640972606787458,893,1197,3917
Completed,0.55,105,1.0,2349,0.1748866761997342,0.0644574248678982,4161,4905,902
Completed,0.56,318,1.0,1481,0.5383674134407193,0.486864740293473,4991,3879,1282
Completed,0.56,253,1.0,3544,0.0532019421011209,0.783842528494075,153,15,3266
Completed,0.57,400,1.0,4950,0.9536470389906316,0.1533170202802866,3621,1482,4479
Completed,0.57,49,1.0,75,0.4411770240664482,0.5759604808017611,1288,2765,78
Completed,0.54,86,1.0,210,0.9748975955154748,0.2754310840032994,3854,811,3384
Completed,0.57,338,1.0,4768,0.4898546604551375,0.9445964972842484,1211,4684,1477
Completed,0.55,341,1.0,3675,0.5169940678235143,0.1173150591235607,2568,3219,195
Completed,0.54,263,1.0,1304,0.0046470948047935,0.662642129458487,2420,1927,4675
Completed,0.55,84,1.0,2213,0.6467195374649019,0.7704257418811321,1595,1858,2518
Completed,0.53,189,1.0,2812,0.1299856251142919,0.4422618088331073,3303,2995,1999
Completed,0.57,360,1.0,3905,0.8436731003355235,0.6205633397642523,460,4109,707
Completed,0.54,260,1.0,1119,0.362040576826781,0.1667338793911039,4673,392,3799
Completed,0.54,202,1.0,840,0.5942702168151737,0.5267657003439963,3557,4821,4834
Completed,0.57,437,1.0,4173,0.1125158838648349,0.1986628588382154,1537,948,349
Completed,0.55,238,1.0,3080,0.89625197840482,0.8642383716311306,4692,2415,1636
Completed,0.56,284,1.0,1934,0.379396226869896,0.4103482955992222,168,3708,3537
Completed,0.55,300,1.0,1581,0.7665188648849726,0.0240048582330346,683,2506,4271
Completed,0.55,297,1.0,3406,0.2540500526819378,0.6931090610008687,4263,1370,1173
Completed,0.57,395,1.0,4500,0.7254871276021003,0.3687567511070519,1970,255,2470
Completed,0.53,128,1.0,488,0.2403223831001669,0.9141445560716092,3055,3972,2984
Completed,0.53,133,1.0,527,0.587412959812209,0.3439760583676398,1502,3344,3847
Completed,0.57,397,1.0,4460,0.0744711250029504,0.8881998839322478,3523,2137,670
Completed,0.55,270,1.0,3367,0.9206445918809624,0.0488988112416118,211,752,1878
Completed,0.55,370,1.0,1621,0.4349763384871185,0.7189100163280964,4736,4379,2629
Completed,0.57,340,1.0,1895,0.7889679404702038,0.8304131563678384,4220,4330,4556
Completed,0.54,256,1.0,3119,0.3076866264082491,0.3779153090696782,640,547,305
Completed,0.57,385,1.0,4213,0.7166901992615312,0.5602187747228891,3090,1581,1523
Completed,0.55,183,1.0,801,0.2003379529006779,0.2314375297091901,2005,2944,3347
Completed,0.55,262,1.0,1158,0.9661539345234632,0.5906821798942983,1245,2274,3100
Completed,0.56,335,1.0,3866,0.4499235013220459,0.1381232410538941,3887,3481,2345
Completed,0.54,176,1.0,2773,0.5393746440708638,0.7999652174096554,2375,4867,1141
Completed,0.54,87,1.0,2252,0.0582151729110628,0.4712445880547166,2523,1240,4313
Completed,0.55,263,1.0,1264,0.6710588203892112,0.0808237586915493,3347,59,3506
Completed,0.57,391,1.0,3714,0.1855124098975211,0.6251087947692722,1640,3842,1677
Completed,0.57,329,1.0,4808,0.8368843984380364,0.3120661012474447,4639,2807,463
Completed,0.56,71,1.0,171,0.3240643767882138,0.9820165717042982,426,1444,4710
Completed,0.58,49,1.0,36,0.8582719833813608,0.1832144401222467,2841,4647,1872
Completed,0.57,384,1.0,4989,0.3726049252729863,0.6045853008385748,2068,855,3623
Completed,0.55,326,1.0,3582,0.6497921061329544,0.4573413648698479,4205,1888,4905
Completed,0.55,304,1.0,1442,0.1368509907256812,0.7548741205818951,938,3261,581
Completed,0.53,71,1.0,2388,0.5295604599453508,0.6774780257157982,108,3036,2227
Completed,0.53,151,1.0,2590,0.0132074904646724,0.1020070827323943,4946,1819,2905
Completed,0.57,362,1.0,3996,0.976090907741338,0.9608334131073206,1322,435,4196
Completed,0.55,233,1.0,982,0.4948083946760744,0.2596967048570514,3654,4071,945
Completed,0.53,175,1.0,635,0.7265052570793777,0.9289043146893382,4419,991,109
Completed,0.56,431,1.0,4353,0.2453445831984281,0.3534944632481783,519,4784,4439
Completed,0.55,250,1.0,2946,0.7790320194009691,0.7093916579205543,3206,3750,3152
Completed,0.57,52,1.0,2041,0.2628008593618869,0.0081943340115249,1810,2376,1406
Completed,0.56,372,1.0,1788,0.8992559622246772,0.4268745522983372,2321,1331,787
Completed,0.55,290,1.0,3226,0.3864366562590003,0.8481842025015504,2782,2548,4042
Completed,0.57,382,1.0,4632,0.6086788078118116,0.2136662623640149,957,3935,2745
Completed,0.54,94,1.0,382,0.1231335888877511,0.5112597527056932,3912,298,2074
Completed,0.54,108,1.0,394,0.9311711224615574,0.7888478486705571,3731,2828,1307
Completed,0.57,329,1.0,4581,0.4149245240930468,0.494053458508104,1401,1692,3209
Completed,0.56,239,1.0,3175,0.5743661410063505,0.5687851319387555,4867,577,4496
Completed,0.56,272,1.0,1800,0.0932209314797073,0.1483287872951477,31,4294,11
Completed,0.55,86,1.0,2185,0.6984886179938913,0.2862686750795692,858,4499,2173
Completed,0.54,167,1.0,2842,0.2129583726692945,0.9883179921507836,4129,626,2687
Completed,0.57,308,1.0,4248,0.8094461539015174,0.0736067681647837,2145,2093,3984
Completed,0.54,195,1.0,778,0.296611870618537,0.651821791017428,2920,3385,887
Completed,0.54,245,1.0,1047,0.5600432276260108,0.0426545562986284,3991,1555,482
Completed,0.57,394,1.0,3970,0.0470871014408767,0.7446426628567279,1034,2692,4962
Completed,0.54,142,1.0,2564,0.948020867465064,0.317205896615982,2705,3806,3680
Completed,0.54,118,1.0,2453,0.4623688089810311,0.8954816540982574,2242,89,1774
Completed,0.55,342,1.0,1532,0.8238908655699343,0.5373452436011285,1734,1114,1045
Completed,0.54,341,1.0,3454,0.3426238428838551,0.2426119449809193,3126,4987,4138
Completed,0.57,369,1.0,4860,0.6817604928221553,0.8202722707949579,598,3522,2846
Completed,0.56,67,1.0,125,0.165392051551491,0.39975531049259,4496,2229,2327
Completed,0.55,99,1.0,296,0.636737682485953,0.7000389283429831,1925,4181,4255
Completed,0.57,364,1.0,4721,0.1555931737720966,0.0292385727390646,3013,318,1241
Completed,0.55,363,1.0,3628,0.868790909120813,0.9088974127285182,717,1785,2444
Completed,0.55,317,1.0,1390,0.3525454874485731,0.3618098560590297,4300,3068,3041
Completed,0.54,95,1.0,2284,0.9965767297316342,0.189755308965221,4813,3136,4767
Completed,0.54,141,1.0,2701,0.4837412585988641,0.5156747226901353,290,2009,365
Completed,0.56,337,1.0,3795,0.5113664872366935,0.42142587415874,3443,894,1578
Completed,0.55,249,1.0,1191,0.0258355299457907,0.8731288640554994,1425,4602,3563
Completed,0.55,177,1.0,912,0.7608913289122283,0.4528616152461618,349,181,2570
Completed,0.56,397,1.0,4063,0.2752385621797293,0.778842239484191,4560,4045,1978
Completed,0.54,245,1.0,2969,0.7471662172041833,0.1583345582075417,1719,2580,769
Completed,0.6,44,1.0,2006,0.2342089068870991,0.60997681347467,3424,1297,3789
Completed,0.55,321,1.0,1667,0.6193880999572575,0.9398462209124118,2602,2498,3404
Completed,0.55,292,1.0,3359,0.1030208391007036,0.2689847737662494,2452,3624,1425
Completed,0.57,480,1.0,4453,0.8862700490690768,0.6691055863723159,3811,4738,207
Completed,0.55,150,1.0,574,0.4050037309136242,0.1220786453615874,1165,1031,4612
Completed,0.55,144,1.0,558,0.6629081817865372,0.9675689564030616,4366,4411,2303
Completed,0.57,376,1.0,4417,0.1783363881055265,0.2646069821789861,767,772,2878
Completed,0.55,276,1.0,3324,0.8284896316081285,0.6725544087849558,3002,2122,4086
Completed,0.55,905,1.0,1652,0.3166442267689854,0.0952544225025922,1897,3337,1085
Completed,0.58,53,1.0,2022,0.9589545944407584,0.4563107425216585,1473,2956,1723
Completed,0.54,246,1.0,3005,0.4417495444286615,0.7520177266336977,3513,1585,3723
Completed,0.57,335,1.0,4099,0.5319321275278925,0.1860574647188186,260,509,4941
Completed,0.54,243,1.0,928,0.0497980395574122,0.6055988359954209,4804,4304,515
Completed,0.55,232,1.0,1196,0.7815176908206195,0.2165186113025993,3377,1221,931
Completed,0.56,347,1.0,3820,0.2992617599479854,0.5122868059277534,1649,4860,3927
Completed,0.53,170,1.0,2726,0.7094831260722131,0.4258645862676203,4590,3512,2724
Completed,0.53,90,1.0,2290,0.1921562629006803,0.8453452229145915,358,2298,2144
Completed,0.55,309,1.0,1383,0.5790256881471724,0.7044778114724904,1098,1409,48
Completed,0.55,285,1.0,3602,0.0670584701485931,0.0014547457061707,3761,2780,4471
Completed,0.57,416,1.0,4695,0.9125014484431596,0.9356610199287534,2463,3855,3257
Completed,0.54,95,1.0,289,0.4278078118599951,0.3584216493051499,2630,59,1252
Completed,0.55,39,1.0,151,0.8908691738788038,0.5573778916019946,40,3263,4666
Completed,0.57,388,1.0,4866,0.3790244698524475,0.2304218530766666,4897,1902,166
Completed,0.56,360,1.0,3460,0.6005351959262043,0.8314421131238341,1331,826,1448
Completed,0.55,412,1.0,1557,0.1159645789414644,0.3807733686100691,3684,4612,3374
Completed,0.53,151,1.0,2427,0.7190545241106302,0.0538240937646478,2948,4094,3810
Completed,0.54,186,1.0,2557,0.2369192482903599,0.7256610109657049,2156,465,735
Completed,0.56,391,1.0,3964,0.7718254146594554,0.3372383735962212,4079,1814,2027
Completed,0.55,238,1.0,1021,0.2546196526810527,0.8832917480859905,791,3019,2529
Completed,0.55,209,1.0,743,0.5223615883104503,0.3053115374837071,2214,2351,3528
Completed,0.57,388,1.0,4232,0.0050340168904513,0.9770872441716492,2693,3712,1606
Completed,0.53,171,1.0,2826,0.9686479078792036,0.0857359395474195,1084,4787,319
Completed,0.54,77,1.0,2149,0.4863907928746193,0.6318500486668199,4058,1002,4824
Completed,0.56,374,1.0,1836,0.8501208763308823,0.8009768490325659,4487,289,2994
Completed,0.55,278,1.0,3191,0.3654284201618284,0.4740819020494818,568,3918,2498
Completed,0.57,380,1.0,4598,0.6413978226222098,0.5878276894800365,3196,2570,1202
Completed,0.53,172,1.0,430,0.1294313091542571,0.1370983293075114,1781,1365,4281
Completed,0.54,111,1.0,359,0.8166915254872292,0.4146843971908092,868,4262,4764
Completed,0.57,376,1.0,4629,0.3344498859904706,0.8682169062700122,4158,557,416
Completed,0.55,284,1.0,3222,0.6743179762791842,0.1946843836847692,2077,1707,1703
Completed,0.56,350,1.0,1766,0.1569749181978404,0.5224295392669738,2871,2837,3468
Completed,0.56,63,1.0,2064,0.5518925890233368,0.9099226070307196,3604,3373,4340
Completed,0.54,241,1.0,2950,0.0399110796488821,0.3646640639174729,1255,2088,1106
Completed,0.57,359,1.0,4356,0.939626100635156,0.6972018076758831,4974,665,2403
Completed,0.54,127,1.0,658,0.4549486589618027,0.0282267477884888,120,4526,3053
Completed,0.55,225,1.0,1014,0.6901013463288546,0.6662473335042596,1860,108,3314
Completed,0.57,334,1.0,4009,0.2055457178149372,0.1210498819332569,3273,3812,1544
Completed,0.55,165,1.0,2603,0.8013030104637145,0.9408616149891168,491,2661,263
Completed,0.54,122,1.0,2421,0.2894433439914137,0.2718259394429624,4408,1532,4605
Completed,0.55,317,1.0,1409,0.9237208728119732,0.1632429468668997,3982,2264,2588
Completed,0.55,323,1.0,3569,0.406499657632783,0.6167142454329878,1004,3549,1931
Completed,0.57,547,1.0,4975,0.5671590678170323,0.4461108436789364,2773,4975,640
Completed,0.58,43,1.0,3,0.0850392414797097,0.7739167338907719,2291,1114,3869
Completed,0.56,81,1.0,184,0.6119373669885099,0.0764460303075611,4725,3066,2049
Completed,0.57,339,1.0,4840,0.0945955041926354,0.6528314744923264,183,1771,2783
Completed,0.57,290,1.0,3746,0.879063444327563,0.2852418151851743,3590,347,3986
Completed,0.55,239,1.0,1277,0.3968225242327898,0.985465449884534,1552,4218,835
Completed,0.54,84,1.0,2238,0.752504540566355,0.5638577228114009,1974,4579,1349
Completed,0.55,219,1.0,2739,0.2678263757731765,0.1415723051261156,3081,864,3197
Completed,0.56,366,1.0,3833,0.7390226053185761,0.7955871841628105,687,2015,4410
Completed,0.55,262,1.0,1144,0.2270398969408124,0.4989675577692687,4290,3154,145
Completed,0.54,197,1.0,798,0.9884256226811556,0.8270251838378608,2553,1321,989
Completed,0.57,346,1.0,4190,0.4765647534877061,0.4046786746103316,2384,2617,4145
Completed,0.55,256,1.0,3096,0.502972203725949,0.5324351893495768,3840,4042,2937
Completed,0.56,364,1.0,1892,0.0184158483743667,0.2358761786147952,1175,171,2207
Completed,0.55,254,1.0,1625,0.6295388108510525,0.3161921681314706,437,1040,612
Completed,0.55,305,1.0,3390,0.1474197001978755,0.8926388228293508,4667,4755,4881
Completed,0.57,369,1.0,4484,0.8613479092586785,0.0455106676910072,1573,3603,3663
Completed,0.54,139,1.0,531,0.3441278856471181,0.7456735677607358,3297,2464,1820
Completed,0.53,140,1.0,492,0.948500172290951,0.0117994785718619,2350,591,21
Completed,0.57,355,1.0,4523,0.4678268049564212,0.713126540215686,2520,4221,4525
Completed,0.55,341,1.0,3429,0.5565497976429761,0.3497596404384822,1219,2873,3238
Completed,0.55,318,1.0,1585,0.0408059441503137,0.9252991106435656,3885,1668,1317
Completed,0.57,305,1.0,1931,0.6850560761056841,0.5077687606960535,4623,2048,876
Completed,0.54,197,1.0,3057,0.1717494673114269,0.2098172275181859,393,3410,3955
Completed,0.57,390,1.0,4151,0.8233659967593848,0.8520332968328148,3331,4485,2659
Completed,0.54,190,1.0,837,0.3373334750067442,0.4303654848225415,1606,699,2162
Completed,0.54,180,1.0,1105,0.573902127655223,0.7592102816589177,218,3771,1783
Completed,0.57,451,1.0,3872,0.0877477630004286,0.461319840023294,4760,142,3710
Completed,0.54,198,1.0,2778,0.934649268405512,0.6006067661996931,1509,1492,4992
Completed,0.55,80,1.0,2199,0.4212208464518189,0.1788783385306596,3546,2697,491
Completed,0.55,287,1.0,1317,0.8061354055497796,0.2554748153015971,3124,3585,2317
Completed,0.56,326,1.0,3707,0.2902697388976812,0.9567406664323062,2017,2224,2817
Completed,0.57,430,1.0,4801,0.6990286593083292,0.1060997699219733,4255,1148,4109
Completed,0.55,94,1.0,223,0.2182334490716457,0.6816999747566879,653,4934,1035
Completed,0.57,51,1.0,41,0.74366987057589,0.4825022364631295,3238,1731,3013
Completed,0.56,380,1.0,4936,0.2279267402030527,0.8115804327707737,1826,3102,2433
Completed,0.55,350,1.0,3530,0.7613714051898569,0.1265079662073403,4451,4177,1230
Completed,0.55,240,1.0,1448,0.2806992368586361,0.5794245909713208,535,382,4227
Completed,0.54,106,1.0,2382,0.8857441671472043,0.970644770745188,961,899,3593
Completed,0.53,155,1.0,2642,0.3997104501090944,0.3005650384370237,3938,4538,1588
Completed,0.57,371,1.0,4049,0.6226863582264632,0.6366097980942577,2326,3190,375
Completed,0.54,211,1.0,975,0.1093790300302207,0.092195619136095,2808,1975,4796
Completed,0.54,133,1.0,697,0.8722720832452178,0.7308985622823239,4192,2653,3760
Completed,0.57,377,1.0,4317,0.358842945607379,0.0607577384319156,901,1282,759
Completed,0.55,205,1.0,2911,0.6362727712765336,0.8763410162273795,2827,206,1967
Completed,0.56,63,1.0,2104,0.1501172150541097,0.3319874529279768,2032,4001,2542
Completed,0.56,310,1.0,1726,0.5119076531976462,0.2193347122333943,1299,4714,4643
Completed,0.55,267,1.0,3261,0.0311136456821113,0.5484741190541536,3649,1075,216
Completed,0.57,325,1.0,4668,0.993263179987669,0.3896600242238491,86,2425,1434
Completed,0.53,102,1.0,320,0.4773982401732355,0.8425159143581986,4941,3639,3434
Completed,0.53,125,1.0,468,0.5467542017865926,0.6214702621493489,2728,737,2637
Completed,0.57,370,1.0,4558,0.0606141285076737,0.1697139733023941,2249,4452,1908
Completed,0.55,240,1.0,3152,0.9617906508762388,0.767462764903903,4015,3300,700
Completed,0.57,351,1.0,1875,0.4483460340127349,0.4413682260569185,1040,2162,3856
Completed,0.57,62,1.0,2110,0.8413239479903132,0.1104558158647269,611,1624,3337
Completed,0.54,194,1.0,2865,0.3254439899623394,0.6578555520996452,4531,2919,1494
Completed,0.57,394,1.0,4272,0.663846898207441,0.2802347485534847,1746,4345,276
Completed,0.54,177,1.0,704,0.1830678828805685,0.9514691098947078,3161,474,4546
Completed,0.54,224,1.0,1060,0.9132497501261532,0.373546897592023,4863,4901,4322
Completed,0.57,214,1.0,3925,0.4325925479587167,0.9210078443400562,7,1187,1171
Completed,0.54,137,1.0,2518,0.5917915349341929,0.0171282006129622,3728,2337,2374
Completed,0.54,120,1.0,2467,0.0760334198083728,0.6883018273245544,1376,3476,3109
Completed,0.56,374,1.0,1518,0.7122658222131432,0.8612623227294535,2111,2744,4699
Completed,0.56,299,1.0,3498,0.1989430482517928,0.4094449423402548,2903,1448,435
Completed,0.57,367,1.0,4905,0.7961646975837647,0.527655713994056,825,25,1648
Completed,0.57,75,1.0,112,0.3101464374642819,0.2016217908058315,4112,3896,3496
Completed,0.55,109,1.0,250,0.7746695034876466,0.8993383030798286,1683,1942,552
Completed,0.56,363,1.0,4735,0.2612260744739323,0.3206892744898796,3410,3227,4895
Completed,0.54,242,1.0,3641,0.7338818944320082,0.7411593444682658,314,4652,3613
Completed,0.54,284,1.0,1344,0.2477425331193953,0.0387978478316217,4545,791,1843
Completed,0.54,125,1.0,2329,0.6014695568978786,0.3960280423332005,3805,430,976
Completed,0.54,171,1.0,2687,0.1206898407582193,0.8166595120988787,1143,4134,4205
Completed,0.56,941,1.0,3781,0.9036944949477912,0.2462247631624341,2596,2983,2913
Completed,0.55,319,1.0,1235,0.3878133602235466,0.5410724522750825,2429,1854,2257
Completed,0.54,198,1.0,889,0.6541697871144861,0.1524291481059044,732,3676,1377
Completed,0.57,427,1.0,4138,0.1384104915745556,0.5729994073584675,4332,2391,3142
Completed,0.54,228,1.0,3044,0.8508801735248417,0.4898391236029565,1940,967,4428
Completed,0.57,399,1.0,1983,0.3702222668267786,0.784747547345236,3045,4828,81
Completed,0.55,371,1.0,1691,0.9832848671805112,0.647850929999724,3470,3959,2103
Completed,0.54,261,1.0,3285,0.4972673153094947,0.0692629929520189,1430,254,2755
Completed,0.57,324,1.0,4378,0.5251372112613172,0.9926617078781128,4839,1405,4051
Completed,0.55,124,1.0,597,0.0118156214319169,0.2902395955827087,294,2534,817
Completed,0.55,147,1.0,591,0.527117504645139,0.1709450308959931,3147,4308,3135
Completed,0.56,345,1.0,4387,0.0097744447048753,0.6246515925005078,1752,525,1384
Completed,0.54,269,1.0,3293,0.981427353594452,0.4381869979463517,4517,1598,93
Completed,0.54,293,1.0,1685,0.4991857122387737,0.7662316050697118,616,2961,4416
Completed,0.57,353,1.0,1989,0.8529204133562743,0.6585699377898127,1054,3322,2767
Completed,0.55,261,1.0,3036,0.3682429698240012,0.1131183030940592,4010,2115,2091
Completed,0.57,403,1.0,4130,0.6522504235468805,0.948806457221508,2263,769,810
Completed,0.54,211,1.0,895,0.140268912313506,0.2795205283071846,2723,4396,4058
Completed,0.55,321,1.0,1241,0.9017142350245267,0.9178542453553528,4108,76,4887
Completed,0.56,339,1.0,3773,0.3898545629754663,0.3723414001464843,840,3859,559
Completed,0.54,160,1.0,2679,0.6033270444590598,0.6895071593262255,2899,2785,1856
Completed,0.54,106,1.0,2335,0.1187714103683829,0.0202819650415331,2127,1422,3601
Completed,0.55,331,1.0,1338,0.731841688061133,0.4067471096087247,1380,2291,4217
Completed,0.55,416,1.0,3649,0.2497218561470508,0.8605147627554834,3713,3498,963
Completed,0.56,322,1.0,4743,0.7765888410303742,0.2023694530203938,11,4845,2250
Completed,0.55,116,1.0,244,0.2593676202744245,0.5303534444849938,4848,1219,2921
Completed,0.55,71,1.0,98,0.7943064980562776,0.3238401836175471,2434,3015,1159
Completed,0.57,338,1.0,4916,0.3120655798204243,0.900538876246661,2581,1798,4334
Completed,0.55,265,1.0,3509,0.7142448942866176,0.0375971092209219,1147,452,3116
Completed,0.56,379,1.0,1504,0.196903033349663,0.7380086007844656,3790,4088,2367
Completed,0.54,140,1.0,2480,0.5898733889590949,0.8193524837549776,4541,4625,442
Completed,0.53,134,1.0,2508,0.0778906824402511,0.3967728492468595,329,833,4692
Completed,0.57,348,1.0,3914,0.915290672181174,0.5403277476020157,3406,1905,3484
Completed,0.54,368,1.0,1074,0.4306125092469156,0.2435316892657429,1698,3279,1660
Completed,0.53,127,1.0,718,0.6657051237598062,0.5717634886894375,308,1348,1896
Completed,0.57,412,1.0,4261,0.1811487739849835,0.1492450646944344,4834,2565,2650
Completed,0.54,218,1.0,2854,0.8393448424562812,0.7879317329972982,1444,3913,3863
Completed,0.56,96,1.0,2124,0.3274839788395911,0.4910749400313943,3464,276,692
Completed,0.56,472,1.0,1861,0.963708822876215,0.0685459174048155,3031,1008,1502
Completed,0.55,274,1.0,3163,0.446488804841414,0.6451835184916854,1946,4801,3330
Completed,0.57,489,1.0,4569,0.5447132462710143,0.2929068416468799,4318,3728,4533
Completed,0.55,124,1.0,455,0.0625941411945968,0.9933789488691837,737,2354,288
Completed,0.55,104,1.0,331,0.991222943874076,0.712378872424364,1621,4521,751
Completed,0.57,363,1.0,4654,0.4793775334581733,0.0091017462220042,3327,647,3768
Completed,0.55,298,1.0,3248,0.5138270204830915,0.9279969489518552,408,2076,2554
Completed,0.56,371,1.0,1737,0.0292552212253212,0.350507202271372,4618,3368,1955
Completed,0.55,88,1.0,2093,0.6342924816105515,0.2086118973754346,3869,2850,228
Completed,0.55,267,1.0,2925,0.1521583880633115,0.5046150018442422,1224,1714,4630
Completed,0.57,416,1.0,4331,0.8741296005491167,0.433519081948325,2505,560,3427
Completed,0.55,198,1.0,686,0.3569245449602604,0.8532387887015939,2354,4277,1441
Completed,0.54,245,1.0,965,0.6247265683151781,0.4639824871197343,658,1097,2426
Completed,0.57,408,1.0,4062,0.1073997032847255,0.7599245000462979,4241,4970,3020
Completed,0.54,279,1.0,2656,0.8838248333223164,0.1781639584172517,2023,3544,4238
Completed,0.54,110,1.0,2371,0.4015689005907625,0.5979442808292806,3110,2251,1218
Completed,0.56,280,1.0,1459,0.763351668830961,0.9599218964017928,3541,1538,1600
Completed,0.55,304,1.0,3516,0.2786580303888768,0.2567059807125479,1523,2675,3581
Completed,0.57,383,1.0,4922,0.7418123867325485,0.6804689153041691,4754,3828,4789
Completed,0.57,38,1.0,52,0.2298451668750494,0.1029184339940548,232,111,382
Completed,0.54,89,1.0,231,0.7009468015655875,0.8089131885655224,2802,3158,3697
Completed,0.57,793,1.0,4795,0.2163761901576072,0.4817850010488182,2340,2031,1795
Completed,0.55,363,1.0,3701,0.8040944797769188,0.5801416646596045,3933,878,499
Completed,0.55,267,1.0,1325,0.2922497813273221,0.1291753721386194,975,4585,4984
Completed,0.56,79,1.0,2190,0.9365074642151594,0.2973808472082019,540,4204,2825
Completed,0.54,193,1.0,2784,0.4193017078135163,0.9694089524578304,4437,340,2309
Completed,0.57,354,1.0,3878,0.5719230518639088,0.0934315433818847,1831,1768,1022
Completed,0.56,230,1.0,1097,0.0897877816203981,0.6397938833646476,3224,3051,4121
Completed,0.54,202,1.0,829,0.8214478210415691,0.0615024449639022,4925,2480,4513
Completed,0.57,343,1.0,4157,0.3391907078959048,0.7335916417557746,90,3607,32
Completed,0.54,224,1.0,3063,0.6870970279034228,0.329294479412958,3634,4761,1324
Completed,0.57,377,1.0,1922,0.1697694583423435,0.8755962037369609,1303,1053,3232
Completed,0.55,279,1.0,1594,0.5546915683727711,0.5496748520880937,2047,164,3963
Completed,0.55,270,1.0,3423,0.0427250567637383,0.2224854540582746,2823,4028,869
Completed,0.57,474,1.0,4517,0.9504792741071432,0.8393650108072906,917,2602,2151
Completed,0.53,140,1.0,500,0.4657868197970092,0.3884594529159367,4187,1319,2671
Completed,0.53,121,1.0,539,0.8594906745105981,0.8689350822977722,135,686,4152
Completed,0.57,339,1.0,4478,0.3460460632238537,0.4173507082182914,4970,4479,982
Completed,0.54,274,1.0,3384,0.631518817961216,0.5197630962561816,1270,3405,2195
Completed,0.55,322,1.0,1633,0.1453787502590567,0.1939663396403193,3600,2032,2949
Completed,0.56,402,1.0,1883,0.5010530892536044,0.365898941591382,2856,1670,4869
Completed,0.55,240,1.0,3102,0.0202740795034915,0.9131077314373106,2081,2888,624
Completed,0.57,396,1.0,4196,0.990465605981648,0.025041699597612,4143,4235,1827
Completed,0.54,173,1.0,790,0.4745856535304337,0.6959668537862599,873,599,3656
Completed,0.54,264,1.0,1136,0.7408798660915344,0.118355869282037,2296,4928,2790
Completed,0.56,343,1.0,3839,0.2251217528246343,0.6655035675857216,2759,1135,2041
Completed,0.55,173,1.0,2745,0.750524499995634,0.2725697815772146,1010,2208,823
Completed,0.55,75,1.0,2230,0.2698672996871173,0.9435555514246226,3968,3581,3999
Completed,0.54,259,1.0,1286,0.8809825848247856,0.6135644367858768,4403,2712,3184
Completed,0.56,327,1.0,3740,0.3949643265642226,0.1620412732195109,505,1495,1361
Completed,0.57,400,1.0,4834,0.6098973502274603,0.7751182755548507,3267,149,153
Completed,0.55,76,1.0,192,0.0965745781250298,0.4492607843093574,1874,3786,4403
Completed,0.6,46,1.0,14,0.5691383964214474,0.6555282662287355,4285,1988,1556
Completed,0.57,384,1.0,4962,0.0829990295320749,0.0771946312766522,701,3195,3302
Completed,0.55,354,1.0,3555,0.9218624241892248,0.984716925131157,3076,4543,4598
Completed,0.55,304,1.0,1420,0.408418989598751,0.282544947233051,1988,916,270
Completed,0.54,111,1.0,2410,0.8033442187923938,0.1447270045913755,1558,378,1924
Completed,0.55,152,1.0,2617,0.2874630784913897,0.565062119776383,3576,4161,2595
Completed,0.57,301,1.0,4023,0.6881829215157778,0.4977630288209766,188,3088,3881
Completed,0.55,216,1.0,1003,0.2074031997993588,0.7924326166808605,4711,1725,628
Completed,0.55,163,1.0,647,0.9376468054912984,0.4039653894007206,3282,3645,429
Completed,0.57,359,1.0,4370,0.4569888969343155,0.824361596127972,1577,2437,4752
Completed,0.54,221,1.0,2963,0.553751011621207,0.238539634341374,4652,1092,3460
Completed,0.57,53,1.0,2053,0.0379917142223566,0.5331486065424978,442,4718,1710
Completed,0.56,337,1.0,1777,0.6722768014110625,0.8914067242406308,1191,3986,1099
Completed,0.55,258,1.0,3209,0.1589552097227424,0.3130118787754327,3836,203,4348
Completed,0.57,61,1.0,2055,0.6735522844009101,0.3512147248294204,1284,232,2943
Completed,0.55,213,1.0,2962,0.1576721125971525,0.927791948199272,3614,4015,2188
Completed,0.57,336,1.0,4368,0.8159867318235338,0.0103593845106661,149,2629,985
Completed,0.54,161,1.0,649,0.3352079488616437,0.7106491688732057,4984,1266,4157
Completed,0.55,231,1.0,1006,0.5664009919334203,0.1036714145783335,3243,3166,4400
Completed,0.57,371,1.0,4021,0.0857440481558442,0.6801880222894251,1850,1959,149
Completed,0.55,153,1.0,2615,0.9230236951429396,0.2578872285485267,4378,926,1367
Completed,0.53,110,1.0,2412,0.4072653327807784,0.9582381044533104,480,4552,3191
Completed,0.56,275,1.0,1417,0.802061121666804,0.5991229206006974,995,4152,4003
Completed,0.56,305,1.0,3559,0.2887385614812374,0.1764827894046902,3953,369,826
Completed,0.57,360,1.0,4965,0.6907984998319298,0.7606786610446871,2282,1754,2034
Completed,0.6,43,1.0,11,0.2047800073474645,0.4637003988195211,2745,3117,2785
Completed,0.56,56,1.0,196,0.7397188256438821,0.6390261745583266,173,1165,631
Completed,0.56,381,1.0,4831,0.2262751791365444,0.093696722947061,4696,4957,3885
Completed,0.56,304,1.0,3738,0.7532616591062397,0.9682129280678928,1543,3571,2589
Completed,0.54,333,1.0,1289,0.2671225264407694,0.2990489442963153,3561,2198,1918
Completed,0.54,83,1.0,2228,0.8783672518860549,0.127980070868507,3052,1505,265
Completed,0.54,176,1.0,2748,0.3975872736386955,0.5818090534992516,1964,2722,4595
Completed,0.56,393,1.0,3841,0.6111802168469876,0.4810141897052526,4260,3756,3309
Completed,0.54,244,1.0,1134,0.0952993256412446,0.8091814557965845,677,120,1562
Completed,0.54,185,1.0,787,0.8606441008225083,0.387218693619594,2414,4469,2383
Completed,0.57,377,1.0,4197,0.3448850227762013,0.8411082919090986,2564,676,3061
Completed,0.55,237,1.0,3104,0.6287740447148681,0.221791033167392,1205,2061,4352
Completed,0.57,364,1.0,1881,0.1481159093696624,0.5498972077164799,3850,3435,1102
Completed,0.55,320,1.0,1636,0.5036760363280773,0.8749043946284801,4676,2858,1716
Completed,0.55,287,1.0,3381,0.0176587465647608,0.3295142083875835,466,1641,3467
Completed,0.57,378,1.0,4475,0.9891903534978628,0.7323496983274818,3306,608,4749
Completed,0.54,146,1.0,542,0.4758685201499611,0.0632469250690192,1601,4245,424
Completed,0.53,158,1.0,503,0.8226088614892214,0.6957442472036928,2529,3617,1438
Completed,0.57,361,1.0,4514,0.3380372815839946,0.0257363714426755,2379,2490,3422
Completed,0.56,335,1.0,3420,0.684359868792817,0.9113642254061995,3894,1024,4636
Completed,0.55,312,1.0,1597,0.1725142315886914,0.3671399258170277,1248,4731,235
Completed,0.57,315,1.0,1920,0.5573069013115018,0.192222114207223,422,4057,1959
Completed,0.54,234,1.0,3064,0.0401021096892654,0.5210047850124538,4633,194,2557
Completed,0.57,369,1.0,4158,0.949196407487616,0.4171312004551291,1636,1309,3761
Completed,0.53,212,1.0,826,0.4670620722807944,0.8696266701947898,3341,2592,746
Completed,0.55,241,1.0,1095,0.6997933752536774,0.4475924660097807,4730,2002,388
Completed,0.57,280,1.0,3880,0.2175372306052595,0.7763145211562514,207,3129,4795
Completed,0.54,216,1.0,2787,0.8068392530232668,0.1617758389823138,3516,4595,3576
Completed,0.55,73,1.0,2189,0.2895126222167164,0.6143324002642184,1499,887,1597
Completed,0.55,272,1.0,1328,0.9338845171406864,0.9432875091228634,2008,330,1212
Completed,0.56,330,1.0,3698,0.4219170407522469,0.2733403679914772,3096,4194,4232
Completed,0.57,382,1.0,4792,0.5731983043476939,0.6638364297002554,644,3080,3023
Completed,0.56,86,1.0,235,0.0885049150008708,0.1195509195979684,4226,1797,2431
Completed,0.58,50,1.0,50,0.6219815496914088,0.7941166633013635,1817,4999,4115
Completed,0.57,390,1.0,4926,0.1101371077727526,0.4965815263129771,3209,1126,1017
Completed,0.56,325,1.0,3520,0.8849784901402891,0.5653432340025902,525,2242,2313
Completed,0.56,288,1.0,1456,0.4004076296370476,0.1439738027956336,4423,3534,2828
Completed,0.54,110,1.0,2373,0.7620761858411134,0.2828267845790833,3908,2684,4990
Completed,0.54,157,1.0,2654,0.2799411275144666,0.9839630150869488,951,1548,506
Completed,0.57,456,1.0,4060,0.7444355791844428,0.0788755753599107,2778,81,1792
Completed,0.54,248,1.0,966,0.2272295885588973,0.6543498513866216,2315,3799,3693
Completed,0.54,176,1.0,688,0.9939603483621032,0.0469486202765256,932,638,2674
Completed,0.57,432,1.0,4329,0.476632514834404,0.7481454664431513,4202,4511,2155
Completed,0.55,198,1.0,2922,0.5126657495293766,0.314738749332726,2062,3398,863
Completed,0.56,67,1.0,2094,0.0304088780432939,0.8901519338171929,2837,2105,3956
Completed,0.56,411,1.0,1734,0.6355755787361413,0.534878088882193,3658,1685,3227
Completed,0.55,292,1.0,3251,0.1508829050734639,0.2372822172641754,1327,2821,1321
Completed,0.57,358,1.0,4657,0.8715140222329646,0.8245663422085345,4950,4287,39
Completed,0.55,86,1.0,328,0.3595477374121547,0.4032581215146929,114,570,4519
Completed,0.53,132,1.0,458,0.6645440833121539,0.1875699005052447,2238,2556,4055
Completed,0.57,396,1.0,4566,0.1823022002968937,0.6080267228912563,2699,1339,805
Completed,0.55,227,1.0,3160,0.842082001566887,0.4548137729484588,1030,305,2097
Completed,0.56,341,1.0,1864,0.3247392055932432,0.7496048300676048,3985,3942,2773
Completed,0.55,73,1.0,2122,0.9610934899374842,0.6749504412300885,4502,4772,4421
Completed,0.54,187,1.0,2856,0.449111751915887,0.0967377996537834,602,979,96
Completed,0.57,389,1.0,4262,0.5459961128905415,0.9651888660546392,3133,2364,1377
Completed,0.54,172,1.0,715,0.0613188887108117,0.2631381194740533,1737,3738,3129
Completed,0.55,172,1.0,1072,0.7954599243681878,0.9342345108538866,35,1827,2928
Completed,0.57,364,1.0,3916,0.3109045393727719,0.3559611346479505,4872,3044,2255
Completed,0.53,133,1.0,2509,0.7115001210402697,0.7058893302176148,1405,4079,959
Completed,0.54,135,1.0,2478,0.1996401924602687,0.0038997941501438,3737,442,4214
Completed,0.55,263,1.0,1508,0.5924963360335678,0.4233722171597183,2914,842,3595
Completed,0.55,343,1.0,3507,0.0752753495015204,0.8438896552044898,2141,4635,1849
Completed,0.57,394,1.0,4913,0.914015419697389,0.2189964659642428,4122,3249,562
Completed,0.57,67,1.0,102,0.4318953758664429,0.5137264315411448,855,1876,4891
Completed,0.54,89,1.0,241,0.904459253648296,0.3386464644931257,3420,3830,1653
Completed,0.57,328,1.0,4746,0.3871171584874391,0.8857325953710824,1713,46,3478
Completed,0.55,303,1.0,3653,0.6021733876410872,0.0524014884214848,4556,1431,4696
Completed,0.54,283,1.0,1335,0.1199326813220977,0.7232042215839029,343,2795,445
Completed,0.54,97,1.0,2337,0.7331171710509807,0.833915826112032,1172,3488,2373
Completed,0.55,166,1.0,2677,0.248438759021461,0.3822095068898052,3814,2281,3123
Completed,0.55,406,1.0,3771,0.7739656485784799,0.5548891882840544,2458,1248,4331
Completed,0.55,304,1.0,1244,0.2619831985905766,0.2289702485837042,2606,4875,1155
Completed,0.54,242,1.0,897,0.5243801001571119,0.5863270689882338,4303,535,291
Completed,0.57,448,1.0,4127,0.0125194633286446,0.1346814843956381,723,4318,4538
Completed,0.55,279,1.0,3034,0.982588624548167,0.8024934116210789,3017,2932,3324
Completed,0.57,390,1.0,1990,0.498032055420801,0.4765132614076137,1931,1568,1495
Completed,0.55,381,1.0,1682,0.8516373162306845,0.0833519603386521,1419,2144,688
Completed,0.55,303,1.0,3296,0.3695184528138489,0.6303774755578488,3440,3351,3860
Completed,0.57,343,1.0,4390,0.6548660018630326,0.3077109829057008,284,4386,2657
Completed,0.56,130,1.0,588,0.1376457198616117,0.9785748076103628,4809,760,1901
Completed,0.55,205,1.0,599,0.6530085161607713,0.6067955611981452,1722,2420,4550
Completed,0.57,480,1.0,4376,0.1395641483925283,0.1843886742535978,3137,3706,279
Completed,0.55,311,1.0,3282,0.8536175780128687,0.7527861622776836,587,4818,1487
Completed,0.55,319,1.0,1693,0.3674772482030093,0.4560448286831379,4507,957,3332
Completed,0.57,475,1.0,1979,0.9806692888643592,0.0960235775485634,4001,264,3853
Completed,0.54,259,1.0,3047,0.499890507761389,0.6722877904158086,1025,3968,696
Completed,0.57,352,1.0,4141,0.526420308386907,0.2658006085623056,2714,2505,1914
Completed,0.54,256,1.0,886,0.0105401384420692,0.9659032498858868,2234,1376,2644
Completed,0.54,253,1.0,1233,0.7758231603056193,0.3591148972176015,849,3217,3490
Completed,0.56,333,1.0,3785,0.2600648035202175,0.9354398447144776,4136,1932,1641
Completed,0.54,215,1.0,2691,0.7311368758082389,0.002694298563525,2136,821,438
Completed,0.55,116,1.0,2326,0.2504799376074224,0.7027357293739915,2928,4682,4704
Completed,0.55,271,1.0,1346,0.604092749349773,0.8465873838365078,3743,4105,3116
Completed,0.55,314,1.0,3639,0.1180742624420672,0.4241198812332004,1391,400,2380
Completed,0.57,335,1.0,4733,0.9024190119579434,0.5129788734260946,4878,1864,1166
Completed,0.55,49,1.0,252,0.3890964573491364,0.2162986313737928,21,2993,4319
Completed,0.57,61,1.0,110,0.9159945233725012,0.8825818498283625,2611,1196,2263
Completed,0.57,391,1.0,4907,0.429855388848111,0.3374457277413458,2444,4911,2920
Completed,0.55,300,1.0,3501,0.5906381086222827,0.7244047966096551,3820,3447,4202
Completed,0.55,328,1.0,1517,0.0771944602560252,0.0555523956902325,1158,2308,971
Completed,0.54,106,1.0,2470,0.7135410746969283,0.3795164311341941,338,1478,1836
Completed,0.54,131,1.0,2515,0.1976601816322654,0.833171123297885,4570,2773,3608
Completed,0.57,376,1.0,3922,0.7935417505092919,0.229715057356283,1708,3886,4899
Completed,0.54,245,1.0,1064,0.3127617704030126,0.5575821580812335,3435,15,555
Completed,0.54,193,1.0,707,0.5440170426759869,0.135917298965156,4825,4423,813
Completed,0.57,357,1.0,4268,0.0633589017540216,0.589511256499216,280,708,4048
Completed,0.54,201,1.0,2862,0.9629516913238912,0.4733291798550635,3455,2171,2761
Completed,0.57,64,1.0,2113,0.4471926077008247,0.8012574910931289,1415,3310,2109
Completed,0.56,402,1.0,1873,0.8400410813707858,0.6310947146899998,1916,2909,84
Completed,0.55,2453,1.0,3154,0.3267192424461245,0.0860192082617431,3021,1614,4432
Completed,0.57,353,1.0,4560,0.6664622311461716,0.975907397961244,707,503,3136
Completed,0.54,103,1.0,466,0.1804449358060956,0.3069939054995775,4308,4374,1371
Completed,0.55,135,1.0,322,0.8734333541989326,0.0264839351344853,3356,1252,2167
Completed,0.57,355,1.0,4665,0.3576892887894064,0.6984420836530626,1630,2623,2662
Completed,0.55,268,1.0,3259,0.6335353667885065,0.3644421916082501,4647,4011,3949
Completed,0.56,262,1.0,1728,0.152862233677879,0.9106165594737976,417,216,870
Completed,0.56,60,1.0,2100,0.5145232315137982,0.5222102787401527,1234,1065,1314
Completed,0.55,237,1.0,2914,0.0284904532302171,0.1953757094740867,3899,4704,3234
Completed,0.57,369,1.0,4320,0.9919800828620792,0.8664729094840586,2364,3668,4531
Completed,0.54,135,1.0,694,0.4786737231630832,0.4159258721712977,2534,2454,27
Completed,0.54,233,1.0,973,0.7425162137579173,0.7736520376447589,4230,3112,1029
Completed,0.56,415,1.0,4052,0.2290880111567676,0.4468780840374529,628,1741,4102
Completed,0.55,167,1.0,2646,0.7641164238136262,0.6150466167926788,3100,353,2821
Completed,0.54,105,1.0,2379,0.277961832370609,0.1644384879376739,1993,4148,2321
Completed,0.54,290,1.0,1450,0.88312097469531,0.2701590339224785,1495,4567,498
Completed,0.54,311,1.0,3528,0.4023260284252464,0.9420564478114248,3532,929,4997
Completed,0.57,333,1.0,4935,0.6239618412163108,0.1207820831499993,203,1966,3706
Completed,0.57,42,1.0,44,0.1080959329046309,0.6670176615286618,4745,3180,1780
Completed,0.55,89,1.0,221,0.5711573544088752,0.499248934103176,2311,132,4802
Completed,0.57,379,1.0,4803,0.0904849221110344,0.7948337351307273,2793,3762,381
Completed,0.56,324,1.0,3709,0.9358026947174222,0.1432565655224025,946,2726,1585
Completed,0.55,271,1.0,1315,0.4200598060041666,0.5626759916562587,3923,1521,3588
Completed,0.55,73,1.0,2203,0.8048601530659943,0.9871471022162588,4427,2195,4220
Completed,0.54,175,1.0,2776,0.2915526055172086,0.2840627069659531,510,3556,1224
Completed,0.56,348,1.0,3869,0.7016516063828021,0.6531140312403441,3214,4943,2438
Completed,0.55,249,1.0,1109,0.215618116132915,0.0756913859900087,1802,1158,3016
Completed,0.54,202,1.0,840,0.9512373314015568,0.7474006558116525,100,4250,3430
Completed,0.57,370,1.0,4147,0.4650820317100733,0.0442556449025869,4955,621,1431
Completed,0.55,145,1.0,613,0.7989365608692169,0.6357066818475722,4593,1654,3439
Completed,0.57,299,1.0,4413,0.2820962653234601,0.089219317421317,383,2871,1693
Completed,0.55,232,1.0,3320,0.6915856594461947,0.9736039257831872,3379,4257,406
Completed,0.57,336,1.0,1707,0.2098158472701907,0.3014548290167003,1674,620,4735
Completed,0.57,379,1.0,1967,0.5657510206047445,0.1333710611481219,2497,669,3084
Completed,0.54,229,1.0,873,0.4138011648803949,0.8047040577065199,3777,2054,4370
Completed,0.56,328,1.0,3756,0.1643372809048742,0.8356563885435461,1890,1517,252
Completed,0.55,254,1.0,1350,0.9410494393222034,0.8793208870682864,247,4950,3899
Completed,0.55,358,1.0,3667,0.459401470048353,0.3328945983834564,4770,1157,649
Completed,0.57,362,1.0,4760,0.5493431929014622,0.7300047266930341,1460,2191,1941
Completed,0.56,59,1.0,87,0.5044574035480619,0.8568386715892701,1068,361,844
Completed,0.55,320,1.0,1493,0.4692165501732379,0.2050252221133559,2661,1746,2057
Completed,0.53,122,1.0,2492,0.863884811580181,0.3467988198082894,3170,1971,135
Completed,0.53,144,1.0,2525,0.3514302907530218,0.9244109856560824,1777,3178,4381
Completed,0.55,231,1.0,1086,0.1429486884269863,0.7161007004547864,563,938,1339
Completed,0.57,367,1.0,4287,0.3925344283170998,0.6846648403964936,3697,225,2966
Completed,0.56,378,1.0,1839,0.7364705304931848,0.5937322946693748,4084,3666,1810
Completed,0.55,232,1.0,3136,0.2197527833096682,0.1740765329003333,814,2459,3634
Completed,0.57,360,1.0,4542,0.7539288886468857,0.7639987179376185,2954,1075,4853
Completed,0.54,102,1.0,343,0.7041147151626646,0.2471338270232081,484,2175,1056
Completed,0.54,221,1.0,3265,0.7877704140730201,0.3930633997637778,1854,4416,2867
Completed,0.56,365,1.0,1749,0.3027267558928579,0.8157675949148833,3249,709,2275
Completed,0.56,55,1.0,2080,0.9060508784912527,0.7343017668016255,2738,504,544
Completed,0.55,170,1.0,943,0.8338732150215655,0.9974539958387612,2102,3439,2116
Completed,0.56,318,1.0,1481,0.5383674134407191,0.4868647402934729,4991,3879,1282
Completed,0.56,253,1.0,3544,0.0532019421011209,0.7838425284940749,153,15,3266
Completed,0.57,49,1.0,75,0.4411770240664482,0.575960480801761,1288,2765,78
Completed,0.57,338,1.0,4768,0.4898546604551374,0.9445964972842484,1211,4684,1477
Completed,0.54,263,1.0,1304,0.0046470948047935,0.6626421294584869,2420,1927,4675
Completed,0.57,360,1.0,3905,0.8436731003355235,0.6205633397642522,460,4109,707
Completed,0.54,202,1.0,840,0.5942702168151736,0.5267657003439962,3557,4821,4834
Completed,0.55,238,1.0,3080,0.8962519784048198,0.8642383716311305,4692,2415,1636
Completed,0.55,300,1.0,1581,0.7665188648849725,0.0240048582330346,683,2506,4271
Completed,0.55,297,1.0,3406,0.2540500526819378,0.6931090610008686,4263,1370,1173
Completed,0.53,133,1.0,527,0.5874129598122089,0.3439760583676397,1502,3344,3847
Completed,0.55,270,1.0,3367,0.9206445918809621,0.0488988112416118,211,752,1878
Completed,0.55,370,1.0,1621,0.4349763384871184,0.7189100163280963,4736,4379,2629
Completed,0.57,340,1.0,1895,0.7889679404702037,0.8304131563678384,4220,4330,4556
Completed,0.54,256,1.0,3119,0.3076866264082491,0.3779153090696781,640,547,305
Completed,0.57,385,1.0,4213,0.7166901992615312,0.560218774722889,3090,1581,1523
Completed,0.55,262,1.0,1158,0.9661539345234632,0.5906821798942982,1245,2274,3100
Completed,0.54,176,1.0,2773,0.5393746440708637,0.7999652174096554,2375,4867,1141
Completed,0.54,87,1.0,2252,0.0582151729110628,0.4712445880547165,2523,1240,4313
Completed,0.55,263,1.0,1264,0.671058820389211,0.0808237586915492,3347,59,3506
Completed,0.57,391,1.0,3714,0.1855124098975211,0.6251087947692721,1640,3842,1677
Completed,0.58,49,1.0,36,0.8582719833813607,0.1832144401222467,2841,4647,1872
Completed,0.57,384,1.0,4989,0.3726049252729862,0.6045853008385746,2068,855,3623
Completed,0.55,326,1.0,3582,0.6497921061329544,0.4573413648698478,4205,1888,4905
Completed,0.55,304,1.0,1442,0.1368509907256811,0.754874120581895,938,3261,581
Completed,0.53,71,1.0,2388,0.5295604599453508,0.6774780257157981,108,3036,2227
Completed,0.55,233,1.0,982,0.4948083946760744,0.2596967048570513,3654,4071,945
Completed,0.56,372,1.0,1788,0.8992559622246771,0.4268745522983372,2321,1331,787
Completed,0.54,94,1.0,382,0.123133588887751,0.5112597527056932,3912,298,2074
Completed,0.56,239,1.0,3175,0.5743661410063505,0.5687851319387554,4867,577,4496
Completed,0.55,86,1.0,2185,0.6984886179938912,0.2862686750795692,858,4499,2173
Completed,0.54,167,1.0,2842,0.2129583726692944,0.9883179921507836,4129,626,2687
Completed,0.54,195,1.0,778,0.296611870618537,0.6518217910174279,2920,3385,887
Completed,0.54,245,1.0,1047,0.5600432276260107,0.0426545562986284,3991,1555,482
Completed,0.57,394,1.0,3970,0.0470871014408767,0.7446426628567278,1034,2692,4962
Completed,0.55,342,1.0,1532,0.8238908655699342,0.5373452436011285,1734,1114,1045
Completed,0.55,99,1.0,296,0.6367376824859529,0.700038928342983,1925,4181,4255
Completed,0.54,141,1.0,2701,0.483741258598864,0.5156747226901351,290,2009,365
Completed,0.55,249,1.0,1191,0.0258355299457907,0.8731288640554993,1425,4602,3563
Completed,0.56,397,1.0,4063,0.2752385621797293,0.7788422394841908,4560,4045,1978
Completed,0.54,245,1.0,2969,0.7471662172041833,0.1583345582075416,1719,2580,769
Completed,0.55,321,1.0,1667,0.6193880999572575,0.9398462209124115,2602,2498,3404
Completed,0.57,480,1.0,4453,0.8862700490690768,0.6691055863723158,3811,4738,207
Completed,0.55,150,1.0,574,0.4050037309136241,0.1220786453615874,1165,1031,4612
Completed,0.57,376,1.0,4417,0.1783363881055265,0.264606982178986,767,772,2878
Completed,0.55,276,1.0,3324,0.8284896316081284,0.6725544087849556,3002,2122,4086
Completed,0.58,53,1.0,2022,0.9589545944407581,0.4563107425216585,1473,2956,1723
Completed,0.54,246,1.0,3005,0.4417495444286614,0.7520177266336977,3513,1585,3723
Completed,0.54,243,1.0,928,0.0497980395574122,0.6055988359954207,4804,4304,515
Completed,0.53,170,1.0,2726,0.709483126072213,0.4258645862676203,4590,3512,2724
Completed,0.53,90,1.0,2290,0.1921562629006803,0.8453452229145914,358,2298,2144
Completed,0.55,309,1.0,1383,0.5790256881471723,0.7044778114724904,1098,1409,48
Completed,0.57,416,1.0,4695,0.9125014484431596,0.9356610199287532,2463,3855,3257
Completed,0.55,39,1.0,151,0.8908691738788038,0.5573778916019945,40,3263,4666
Completed,0.57,388,1.0,4866,0.3790244698524475,0.2304218530766665,4897,1902,166
Completed,0.56,360,1.0,3460,0.6005351959262043,0.831442113123834,1331,826,1448
Completed,0.53,151,1.0,2427,0.7190545241106301,0.0538240937646478,2948,4094,3810
Completed,0.55,238,1.0,1021,0.2546196526810526,0.8832917480859905,791,3019,2529
Completed,0.55,209,1.0,743,0.5223615883104503,0.305311537483707,2214,2351,3528
Completed,0.56,374,1.0,1836,0.8501208763308822,0.8009768490325659,4487,289,2994
Completed,0.57,380,1.0,4598,0.6413978226222097,0.5878276894800364,3196,2570,1202
Completed,0.56,350,1.0,1766,0.1569749181978404,0.5224295392669737,2871,2837,3468
Completed,0.56,63,1.0,2064,0.5518925890233368,0.9099226070307194,3604,3373,4340
Completed,0.54,127,1.0,658,0.4549486589618026,0.0282267477884888,120,4526,3053
Completed,0.55,225,1.0,1014,0.6901013463288544,0.6662473335042595,1860,108,3314
Completed,0.54,122,1.0,2421,0.2894433439914136,0.2718259394429624,4408,1532,4605
Completed,0.57,547,1.0,4975,0.5671590678170322,0.4461108436789363,2773,4975,640
Completed,0.58,43,1.0,3,0.0850392414797097,0.7739167338907718,2291,1114,3869
Completed,0.56,81,1.0,184,0.6119373669885098,0.0764460303075611,4725,3066,2049
Completed,0.57,339,1.0,4840,0.0945955041926354,0.6528314744923263,183,1771,2783
Completed,0.55,239,1.0,1277,0.3968225242327898,0.9854654498845338,1552,4218,835
Completed,0.54,84,1.0,2238,0.7525045405663549,0.5638577228114008,1974,4579,1349
Completed,0.56,366,1.0,3833,0.7390226053185761,0.7955871841628104,687,2015,4410
Completed,0.55,256,1.0,3096,0.5029722037259489,0.5324351893495767,3840,4042,2937
Completed,0.54,139,1.0,531,0.3441278856471181,0.7456735677607357,3297,2464,1820
Completed,0.53,140,1.0,492,0.9485001722909508,0.0117994785718619,2350,591,21
Completed,0.55,341,1.0,3429,0.556549797642976,0.3497596404384821,1219,2873,3238
Completed,0.57,305,1.0,1931,0.685056076105684,0.5077687606960534,4623,2048,876
Completed,0.54,190,1.0,837,0.3373334750067442,0.4303654848225414,1606,699,2162
Completed,0.54,180,1.0,1105,0.5739021276552229,0.7592102816589176,218,3771,1783
Completed,0.55,287,1.0,1317,0.8061354055497795,0.2554748153015971,3124,3585,2317
Completed,0.56,326,1.0,3707,0.2902697388976812,0.956740666432306,2017,2224,2817
Completed,0.55,94,1.0,223,0.2182334490716457,0.6816999747566878,653,4934,1035
Completed,0.57,51,1.0,41,0.7436698705758898,0.4825022364631295,3238,1731,3013
Completed,0.54,106,1.0,2382,0.8857441671472042,0.970644770745188,961,899,3593
Completed,0.53,155,1.0,2642,0.3997104501090943,0.3005650384370237,3938,4538,1588
Completed,0.57,371,1.0,4049,0.6226863582264632,0.6366097980942576,2326,3190,375
Completed,0.54,133,1.0,697,0.8722720832452177,0.7308985622823237,4192,2653,3760
Completed,0.55,205,1.0,2911,0.6362727712765335,0.8763410162273794,2827,206,1967
Completed,0.56,63,1.0,2104,0.1501172150541096,0.3319874529279768,2032,4001,2542
Completed,0.56,310,1.0,1726,0.5119076531976461,0.2193347122333943,1299,4714,4643
Completed,0.57,325,1.0,4668,0.9932631799876688,0.3896600242238491,86,2425,1434
Completed,0.53,125,1.0,468,0.5467542017865926,0.6214702621493488,2728,737,2637
Completed,0.55,240,1.0,3152,0.9617906508762388,0.7674627649039029,4015,3300,700
Completed,0.57,351,1.0,1875,0.4483460340127348,0.4413682260569185,1040,2162,3856
Completed,0.57,62,1.0,2110,0.8413239479903131,0.1104558158647269,611,1624,3337
Completed,0.54,194,1.0,2865,0.3254439899623394,0.6578555520996451,4531,2919,1494
Completed,0.57,394,1.0,4272,0.663846898207441,0.2802347485534846,1746,4345,276
Completed,0.54,177,1.0,704,0.1830678828805684,0.9514691098947076,3161,474,4546
Completed,0.54,137,1.0,2518,0.5917915349341928,0.0171282006129622,3728,2337,2374
Completed,0.54,120,1.0,2467,0.0760334198083728,0.6883018273245542,1376,3476,3109
Completed,0.56,374,1.0,1518,0.712265822213143,0.8612623227294534,2111,2744,4699
Completed,0.56,299,1.0,3498,0.1989430482517927,0.4094449423402548,2903,1448,435
Completed,0.57,367,1.0,4905,0.7961646975837647,0.5276557139940559,825,25,1648
Completed,0.54,171,1.0,2687,0.1206898407582193,0.8166595120988785,1143,4134,4205
Completed,0.56,941,1.0,3781,0.903694494947791,0.2462247631624341,2596,2983,2913
Completed,0.55,319,1.0,1235,0.3878133602235466,0.5410724522750824,2429,1854,2257
Completed,0.54,228,1.0,3044,0.8508801735248416,0.4898391236029565,1940,967,4428
Completed,0.57,399,1.0,1983,0.3702222668267786,0.7847475473452359,3045,4828,81
Completed,0.57,324,1.0,4378,0.5251372112613171,0.9926617078781128,4839,1405,4051
Completed,0.55,147,1.0,591,0.5271175046451388,0.1709450308959931,3147,4308,3135
Completed,0.54,293,1.0,1685,0.4991857122387737,0.7662316050697117,616,2961,4416
Completed,0.55,261,1.0,3036,0.3682429698240011,0.1131183030940592,4010,2115,2091
Completed,0.54,211,1.0,895,0.1402689123135059,0.2795205283071846,2723,4396,4058
Completed,0.56,339,1.0,3773,0.3898545629754662,0.3723414001464843,840,3859,559
Completed,0.56,322,1.0,4743,0.7765888410303741,0.2023694530203938,11,4845,2250
Completed,0.55,116,1.0,244,0.2593676202744245,0.5303534444849937,4848,1219,2921
Completed,0.57,338,1.0,4916,0.3120655798204243,0.9005388762466608,2581,1798,4334
Completed,0.54,368,1.0,1074,0.4306125092469155,0.2435316892657428,1698,3279,1660
Completed,0.53,127,1.0,718,0.6657051237598061,0.5717634886894374,308,1348,1896
Completed,0.54,218,1.0,2854,0.839344842456281,0.7879317329972982,1444,3913,3863
Completed,0.56,472,1.0,1861,0.9637088228762148,0.0685459174048155,3031,1008,1502
Completed,0.57,363,1.0,4654,0.4793775334581732,0.0091017462220042,3327,647,3768
Completed,0.55,298,1.0,3248,0.5138270204830914,0.9279969489518552,408,2076,2554
Completed,0.55,198,1.0,686,0.3569245449602603,0.8532387887015938,2354,4277,1441
Completed,0.54,245,1.0,965,0.6247265683151781,0.4639824871197342,658,1097,2426
Completed,0.57,408,1.0,4062,0.1073997032847255,0.7599245000462977,4241,4970,3020
Completed,0.57,383,1.0,4922,0.7418123867325483,0.680468915304169,4754,3828,4789
Completed,0.55,363,1.0,3701,0.8040944797769188,0.5801416646596044,3933,878,499
Completed,0.54,193,1.0,2784,0.4193017078135162,0.9694089524578304,4437,340,2309
Completed,0.57,354,1.0,3878,0.5719230518639087,0.0934315433818846,1831,1768,1022
Completed,0.56,230,1.0,1097,0.0897877816203981,0.6397938833646475,3224,3051,4121
Completed,0.57,343,1.0,4157,0.3391907078959047,0.7335916417557746,90,3607,32
Completed,0.57,377,1.0,1922,0.1697694583423435,0.8755962037369608,1303,1053,3232
Completed,0.53,140,1.0,500,0.4657868197970092,0.3884594529159366,4187,1319,2671
Completed,0.53,121,1.0,539,0.8594906745105981,0.868935082297772,135,686,4152
Completed,0.57,339,1.0,4478,0.3460460632238537,0.4173507082182913,4970,4479,982
Completed,0.54,274,1.0,3384,0.631518817961216,0.5197630962561814,1270,3405,2195
Completed,0.55,322,1.0,1633,0.1453787502590566,0.1939663396403193,3600,2032,2949
Completed,0.56,402,1.0,1883,0.5010530892536043,0.365898941591382,2856,1670,4869
Completed,0.54,173,1.0,790,0.4745856535304337,0.6959668537862598,873,599,3656
Completed,0.55,173,1.0,2745,0.7505244999956339,0.2725697815772146,1010,2208,823
Completed,0.55,75,1.0,2230,0.2698672996871173,0.9435555514246224,3968,3581,3999
Completed,0.54,259,1.0,1286,0.8809825848247856,0.6135644367858767,4403,2712,3184
Completed,0.56,327,1.0,3740,0.3949643265642225,0.1620412732195109,505,1495,1361
Completed,0.57,400,1.0,4834,0.6098973502274602,0.7751182755548506,3267,149,153
Completed,0.55,76,1.0,192,0.0965745781250298,0.4492607843093573,1874,3786,4403
Completed,0.6,46,1.0,14,0.5691383964214473,0.6555282662287355,4285,1988,1556
Completed,0.55,152,1.0,2617,0.2874630784913897,0.5650621197763829,3576,4161,2595
Completed,0.57,301,1.0,4023,0.6881829215157776,0.4977630288209766,188,3088,3881
Completed,0.55,163,1.0,647,0.9376468054912984,0.4039653894007205,3282,3645,429
Completed,0.57,359,1.0,4370,0.4569888969343155,0.8243615961279719,1577,2437,4752
Completed,0.54,221,1.0,2963,0.5537510116212069,0.238539634341374,4652,1092,3460
Completed,0.56,337,1.0,1777,0.6722768014110624,0.8914067242406308,1191,3986,1099
Completed,0.55,258,1.0,3209,0.1589552097227424,0.3130118787754326,3836,203,4348
Completed,0.57,61,1.0,2055,0.67355228440091,0.3512147248294204,1284,232,2943
Completed,0.57,336,1.0,4368,0.8159867318235337,0.0103593845106661,149,2629,985
Completed,0.54,161,1.0,649,0.3352079488616436,0.7106491688732057,4984,1266,4157
Completed,0.55,231,1.0,1006,0.5664009919334203,0.1036714145783334,3243,3166,4400
Completed,0.57,371,1.0,4021,0.0857440481558442,0.680188022289425,1850,1959,149
Completed,0.56,275,1.0,1417,0.8020611216668039,0.5991229206006973,995,4152,4003
Completed,0.56,305,1.0,3559,0.2887385614812373,0.1764827894046902,3953,369,826
Completed,0.57,360,1.0,4965,0.6907984998319296,0.760678661044687,2282,1754,2034
Completed,0.6,43,1.0,11,0.2047800073474645,0.463700398819521,2745,3117,2785
Completed,0.56,304,1.0,3738,0.7532616591062395,0.9682129280678928,1543,3571,2589
Completed,0.54,333,1.0,1289,0.2671225264407694,0.2990489442963152,3561,2198,1918
Completed,0.54,185,1.0,787,0.8606441008225083,0.3872186936195939,2414,4469,2383
Completed,0.55,237,1.0,3104,0.628774044714868,0.221791033167392,1205,2061,4352
Completed,0.57,364,1.0,1881,0.1481159093696624,0.5498972077164798,3850,3435,1102
Completed,0.55,287,1.0,3381,0.0176587465647608,0.3295142083875834,466,1641,3467
Completed,0.57,378,1.0,4475,0.9891903534978628,0.7323496983274816,3306,608,4749
Completed,0.53,158,1.0,503,0.8226088614892214,0.6957442472036927,2529,3617,1438
Completed,0.56,335,1.0,3420,0.6843598687928169,0.9113642254061995,3894,1024,4636
Completed,0.53,212,1.0,826,0.4670620722807943,0.8696266701947897,3341,2592,746
Completed,0.54,216,1.0,2787,0.8068392530232666,0.1617758389823138,3516,4595,3576
Completed,0.57,382,1.0,4792,0.5731983043476939,0.6638364297002552,644,3080,3023
Completed,0.57,390,1.0,4926,0.1101371077727526,0.496581526312977,3209,1126,1017
Completed,0.56,325,1.0,3520,0.884978490140289,0.5653432340025902,525,2242,2313
Completed,0.54,110,1.0,2373,0.7620761858411133,0.2828267845790833,3908,2684,4990
Completed,0.57,432,1.0,4329,0.4766325148344039,0.7481454664431512,4202,4511,2155
Completed,0.55,198,1.0,2922,0.5126657495293766,0.3147387493327259,2062,3398,863
Completed,0.57,358,1.0,4657,0.8715140222329645,0.8245663422085345,4950,4287,39
Completed,0.55,86,1.0,328,0.3595477374121546,0.4032581215146929,114,570,4519
Completed,0.53,132,1.0,458,0.6645440833121538,0.1875699005052447,2238,2556,4055
Completed,0.54,187,1.0,2856,0.4491117519158869,0.0967377996537834,602,979,96
Completed,0.55,172,1.0,1072,0.7954599243681877,0.9342345108538866,35,1827,2928
Completed,0.53,133,1.0,2509,0.7115001210402697,0.7058893302176147,1405,4079,959
Completed,0.55,263,1.0,1508,0.5924963360335677,0.4233722171597182,2914,842,3595
Completed,0.55,343,1.0,3507,0.0752753495015203,0.8438896552044897,2141,4635,1849
Completed,0.57,394,1.0,4913,0.9140154196973888,0.2189964659642428,4122,3249,562
Completed,0.54,89,1.0,241,0.904459253648296,0.3386464644931256,3420,3830,1653
Completed,0.57,328,1.0,4746,0.3871171584874391,0.8857325953710823,1713,46,3478
Completed,0.55,303,1.0,3653,0.6021733876410871,0.0524014884214848,4556,1431,4696
Completed,0.54,97,1.0,2337,0.7331171710509807,0.8339158261120319,1172,3488,2373
Completed,0.54,242,1.0,897,0.5243801001571118,0.5863270689882338,4303,535,291
Completed,0.57,448,1.0,4127,0.0125194633286446,0.134681484395638,723,4318,4538
Completed,0.55,279,1.0,3034,0.9825886245481668,0.8024934116210789,3017,2932,3324
Completed,0.55,303,1.0,3296,0.3695184528138488,0.6303774755578488,3440,3351,3860
Completed,0.57,343,1.0,4390,0.6548660018630325,0.3077109829057008,284,4386,2657
Completed,0.55,205,1.0,599,0.6530085161607712,0.6067955611981452,1722,2420,4550
Completed,0.57,480,1.0,4376,0.1395641483925282,0.1843886742535978,3137,3706,279
Completed,0.55,311,1.0,3282,0.8536175780128687,0.7527861622776835,587,4818,1487
Completed,0.55,319,1.0,1693,0.3674772482030093,0.4560448286831378,4507,957,3332
Completed,0.54,259,1.0,3047,0.4998905077613889,0.6722877904158086,1025,3968,696
Completed,0.57,352,1.0,4141,0.526420308386907,0.2658006085623055,2714,2505,1914
Completed,0.54,253,1.0,1233,0.7758231603056192,0.3591148972176015,849,3217,3490
Completed,0.55,271,1.0,1346,0.6040927493497729,0.8465873838365077,3743,4105,3116
Completed,0.57,335,1.0,4733,0.9024190119579432,0.5129788734260946,4878,1864,1166
Completed,0.57,61,1.0,110,0.915994523372501,0.8825818498283625,2611,1196,2263
Completed,0.57,391,1.0,4907,0.429855388848111,0.3374457277413457,2444,4911,2920
Completed,0.55,300,1.0,3501,0.5906381086222827,0.724404796609655,3820,3447,4202
Completed,0.55,328,1.0,1517,0.0771944602560251,0.0555523956902325,1158,2308,971
Completed,0.54,106,1.0,2470,0.7135410746969282,0.3795164311341941,338,1478,1836
Completed,0.57,376,1.0,3922,0.7935417505092918,0.229715057356283,1708,3886,4899
Completed,0.54,245,1.0,1064,0.3127617704030126,0.5575821580812333,3435,15,555
Completed,0.57,357,1.0,4268,0.0633589017540216,0.5895112564992159,280,708,4048
Completed,0.56,402,1.0,1873,0.8400410813707858,0.6310947146899997,1916,2909,84
Completed,0.57,355,1.0,4665,0.3576892887894064,0.6984420836530625,1630,2623,2662
Completed,0.56,262,1.0,1728,0.1528622336778789,0.9106165594737976,417,216,870
Completed,0.56,60,1.0,2100,0.5145232315137981,0.5222102787401526,1234,1065,1314
Completed,0.54,135,1.0,694,0.4786737231630832,0.4159258721712976,2534,2454,27
Completed,0.54,233,1.0,973,0.7425162137579173,0.7736520376447588,4230,3112,1029
Completed,0.55,89,1.0,221,0.571157354408875,0.499248934103176,2311,132,4802
Completed,0.57,379,1.0,4803,0.0904849221110343,0.7948337351307273,2793,3762,381
Completed,0.56,324,1.0,3709,0.935802694717422,0.1432565655224025,946,2726,1585
Completed,0.55,271,1.0,1315,0.4200598060041665,0.5626759916562587,3923,1521,3588
Completed,0.55,73,1.0,2203,0.8048601530659943,0.9871471022162586,4427,2195,4220
Completed,0.54,175,1.0,2776,0.2915526055172085,0.284062706965953,510,3556,1224
Completed,0.56,348,1.0,3869,0.7016516063828021,0.653114031240344,3214,4943,2438
Completed,0.54,202,1.0,840,0.9512373314015568,0.7474006558116524,100,4250,3430
Failed,,,,4615,0.818609924275428,0.748853933332488,2399,1275,3066
Failed,,,,370,0.3325923705454915,0.046742690064013,2549,2639,2390
Failed,,,,416,0.6433169333767145,0.2634054460916668,4790,486,1614
Failed,,,,4609,0.1275730817429721,0.9644190176315603,265,4350,3520
Failed,,,,3202,0.8480808893125504,0.0984042255729436,3499,2924,4812
Failed,,,,1822,0.3674075238369405,0.6737560805734247,1479,1641,332
Failed,,,,2163,0.9705051389094442,0.7512738826405257,1911,2158,2486
Failed,,,,2815,0.4844726190157234,0.4536168005093932,2996,3285,3007
Failed,,,,4221,0.520381577482447,0.6082928505055605,781,4438,4289
Failed,,,,756,0.0070749705471098,0.1868012362141162,4361,731,1194
Failed,,,,1035,0.7699062704443931,0.5154718596953898,2626,3901,173
Failed,,,,3953,0.2564778540674597,0.2177535670511424,2478,37,4658
Failed,,,,2546,0.72109453715384,0.8441103396639227,3757,1465,3362
Failed,,,,2441,0.2349401780758053,0.4226794600021094,1113,2748,1460
Failed,,,,1544,0.5986779314354062,0.004121186858043,362,3461,724
Failed,,,,3471,0.1178827267754822,0.7051958499401808,4575,2334,3822
Failed,,,,4877,0.8928492107316851,0.3577034751363098,1653,1180,2535
Failed,,,,137,0.3769835496563464,0.9329947144780308,3361,4887,2020
Failed,,,,283,0.91046024383232,0.2272414856459945,795,1841,3940
Failed,,,,4704,0.4297880736421793,0.5561458636522292,4064,2977,919
Failed,,,,3610,0.5809441166780888,0.3820054690577089,2160,4131,2137
Failed,,,,1377,0.0652009844463318,0.8346224080566316,2933,414,2731
Failed,,,,2296,0.7075038011856377,0.7229975608158856,3679,794,4463
Failed,,,,2718,0.1941964711304753,0.0531106784306466,1346,4667,56
Failed,,,,3812,0.7833761431612074,0.884005027718842,4893,3241,1264
Failed,,,,1202,0.2973424242641776,0.3399019594471901,55,1949,3245
Failed,,,,934,0.533973306113854,0.9782917712610216,1795,2528,2890
Failed,,,,4090,0.0478177443146705,0.3084660993888974,3190,1392,2291
Failed,,,,2997,0.957036199370399,0.6286953510604799,582,238,1077
Failed,,,,2028,0.4436070561558008,0.0845315481591969,4482,3955,4093
Failed,,,,1646,0.8304689304698258,0.4748304323796183,4044,4843,3716
Failed,,,,3332,0.3146039850786328,0.803673718843609,1089,970,1730
Failed,,,,4426,0.6610497629065066,0.1344015319943427,2680,2398,527
Failed,,,,552,0.1802557498142123,0.5870790866520255,2220,3690,4929
Failed,,,,585,0.8881891895662993,0.4947715137060731,2925,2070,1985
Failed,,,,4439,0.4031455332450568,0.7915142730921507,2129,3431,2563
Failed,,,,3345,0.6173480831962079,0.1456624651141464,4133,4468,3776
Failed,,,,1678,0.1049999130330979,0.568066974500194,843,682,782
Failed,,,,1995,0.7490234779771417,0.9895529943723232,27,614,1412
Failed,,,,2983,0.232290762770921,0.2894536823742091,4882,4243,3417
Failed,,,,4076,0.7589112883415073,0.6486366182789206,1397,2856,4620
Failed,,,,901,0.2772794860936701,0.0723719313871115,3747,1651,199
Failed,,,,1180,0.509447372764349,0.7419487673174588,4510,3568,1248
Failed,,,,3808,0.0276937610749155,0.0419106658324599,593,2207,4248
Failed,,,,2715,0.9986167130321264,0.8962253791205586,3140,1170,3029
Failed,,,,2273,0.4817621586415916,0.3198999575991183,1728,4956,2456
Failed,,,,1401,0.8669336743727326,0.2394620229396969,2228,3754,353
Failed,,,,3614,0.3544636650253087,0.5361436907835305,2710,125,4778
Failed,,,,4708,0.6387176895961165,0.4009569655507803,1020,1514,3570
Failed,,,,307,0.1535522238332778,0.8234220905955881,3996,2719,1571
Failed,,,,134,0.6797193179540336,0.0319354890231043,1412,921,4974
Failed,,,,4854,0.167372343076393,0.700787412200123,3449,4560,470
Failed,,,,3448,0.825809264358133,0.3610612067580223,276,3173,1766
Failed,,,,1540,0.340766327438876,0.906200661888346,4818,1958,3688
Failed,,,,2445,0.9460415723212064,0.5188293013256043,4313,1753,4130
Failed,,,,2570,0.464409046953544,0.1909598193243146,711,3124,1053
Failed,,,,3976,0.561901650223881,0.871924455936998,3027,4160,2339
Failed,,,,1039,0.0451677360143512,0.4182711932826786,1920,365,2834
Failed,,,,770,0.8114873622301965,0.7781288408804685,1161,4697,3221
Failed,,,,4254,0.2946316051185131,0.4501981483660638,3826,1058,1295
Failed,,,,2848,0.6965701931808143,0.6126403825953602,2447,2447,4
Failed,,,,2176,0.214815854653716,0.1590478545706719,2618,3661,4503
Failed,,,,1808,0.5763454696107656,0.2677527922894805,3429,2636,2680
Failed,,,,3169,0.0911807195320725,0.9366658070087432,1704,1265,2180
Failed,,,,4575,0.9293126738388092,0.1252588938213884,4564,228,899
Failed,,,,402,0.4168438560590148,0.6703377332929522,334,4023,3972
Failed,,,,376,0.6068215433210133,0.8869982232972979,1999,1602,4446
Failed,,,,4640,0.1250517367217689,0.3408262367080897,3104,2897,102
Failed,,,,3234,0.9012359990775584,0.7220599439460784,634,4362,1394
Failed,,,,1782,0.3843957360628992,0.0501003659181296,4234,491,3164
Failed,,,,2047,0.7771128751859068,0.3771715859062969,4742,715,4030
Failed,,,,2938,0.2646590607482939,0.8277191009614616,197,4430,799
Failed,,,,4344,0.7285452701225876,0.2341314233895391,3528,3318,2081
Failed,,,,641,0.2433655129838734,0.5609626596122979,1488,2179,2738
Failed,,,,988,0.9779481387715788,0.1413084082156419,411,2761,3631
Failed,,,,3988,0.4928902208171784,0.5919170148130505,4643,1466,1865
Failed,,,,2582,0.5275804491173475,0.4700095914099365,1625,3,568
Failed,,,,2394,0.0152484441213309,0.7967802119739353,3352,3874,4917
Failed,,,,1436,0.6517112168874591,0.6277751188091933,2538,4918,2892
Failed,,,,3591,0.1349927633143961,0.0815419217068702,2371,1204,2240
Failed,,,,4997,0.8562319963630289,0.9812985146474092,3902,2315,953
Failed,,,,30,0.3745840289480984,0.3093996712490916,1241,3454,4188
Failed,,,,157,0.8388636972997336,0.6014050542376935,3670,408,2356
Failed,,,,4819,0.3220241350978612,0.18198229877837,1318,4113,3088
Failed,,,,3725,0.6692004015091806,0.7561061001997441,4961,3000,4306
Failed,,,,1251,0.1874317716062068,0.4605217731967568,104,1871,1148
Failed,,,,2265,0.5414158226568251,0.0993435080349445,923,1919,1670
Failed,,,,2762,0.0562348776683211,0.676764727493748,4209,3205,3513
Failed,,,,3855,0.964235539453104,0.2604101090375334,2053,4670,4722
Failed,,,,1172,0.4517810130491852,0.9634968818463384,2845,809,451
Failed,,,,815,0.7147108743749558,0.3546988732255995,3918,3976,682
Failed,,,,4202,0.202378161130473,0.9320590011421592,942,271,3834
Failed,,,,3108,0.7908263928107917,0.0050397535171359,2787,1383,2621
Failed,,,,1908,0.3057672907244414,0.7081871419847011,2307,2512,1886
Failed,,,,1607,0.9186033872701228,0.8489328462257981,1805,3693,297
Failed,,,,3378,0.4369566002693027,0.4295713012795895,3220,2408,4563
Failed,,,,4471,0.5893313883431255,0.5085628419984131,513,945,3360
Failed,,,,513,0.0726136393006891,0.2129177803657948,4433,4806,1511
Failed,,,,474,0.7234469212312251,0.5452815831340849,986,2938,342
Failed,,,,4511,0.2423017061278223,0.2503150439802557,3960,1567,4841
Failed,,,,3417,0.7684382024277001,0.8125862459745257,2273,531,3550
Failed,,,,1568,0.25219159848243,0.391832353323698,2752,4326,1624
Failed,,,,1948,0.8942717184815556,0.0347238660231232,3255,4394,1186
Failed,,,,3069,0.3814374296218157,0.7369643711429089,1840,755,4258
Failed,,,,4163,0.5961277043763547,0.3249015004504471,4390,2144,2977
Failed,,,,854,0.1105974534749984,0.903425488796085,470,3358,2477
Failed,,,,1133,0.8457133401669562,0.2939470262788236,1273,1431,1470
Failed,,,,3894,0.3600612798240035,0.9962486229408531,3625,2802,3391
Failed,,,,2801,0.644800173897296,0.0656628739815205,137,3838,4687
Failed,,,,2226,0.1318440458532422,0.6441262466683984,4995,42,183
Failed,,,,1290,0.5189743612073361,0.7811448091566562,4176,1243,2011
Failed,,,,3686,0.0026059180777519,0.4861170594897121,889,4882,2506
Failed,,,,4779,0.9730400819294154,0.576708029622212,2890,3495,3792
Failed,,,,196,0.4917730573844164,0.1560148716010153,2097,2281,714
Failed,,,,69,0.9555652109906076,0.9477472818642854,4688,4077,2701
Failed,,,,4958,0.4393197948951274,0.2766317742820829,455,447,2128
Failed,,,,3552,0.5363264579251408,0.6614415153954178,3318,1836,910
Failed,,,,1475,0.055181954788044,0.1141641983278095,1591,3041,3909
Failed,,,,2355,0.6584985190182923,0.4449549013189971,2404,3246,3274
Failed,,,,2620,0.1729675673041492,0.7711704354006798,2572,1885,1274
Failed,,,,4027,0.8318941094875336,0.1659890538882464,1196,848,66
Failed,,,,949,0.3190586439315229,0.6178703792616725,3858,4633,4492
Failed,,,,680,0.5824303890969604,0.1974270535632967,3060,311,4063
Failed,,,,4305,0.069473080638796,0.5235814961027354,1956,3940,1068
Failed,,,,2899,0.9080918005462736,0.413532367857173,4269,2553,2282
Failed,,,,2086,0.4224390356726944,0.8654743088893592,669,1348,2860
Failed,,,,1743,0.785912214545533,0.6923918683417141,162,2373,4958
Failed,,,,3273,0.3046458982490002,0.0213375712726265,4707,3734,537
Failed,,,,4680,0.7060937872361391,0.9168119192477316,1532,4770,1741
Failed,,,,337,0.1897265282385051,0.3694738675504922,3571,985,3745
Failed,,,,441,0.7559091522879898,0.0884717741776257,3781,3391,2959
Failed,,,,4536,0.2702408970352262,0.6330088481865823,1117,2105,2223
Failed,,,,3130,0.7346130466498435,0.3041525427773594,2651,642,1010
Failed,,,,1848,0.221671209981665,0.974351604728028,2481,4504,4163
Failed,,,,2137,0.6163318014852702,0.583009479811415,1670,4278,3646
Failed,,,,2887,0.099979553265497,0.130217415690422,3395,574,1798
Failed,,,,4293,0.8756741947196423,0.8078577756620943,379,1686,594
Failed,,,,731,0.3943928787987679,0.4789000987056643,4608,2815,4860
Failed,,,,1078,0.6261493381727486,0.838318922245875,3492,2242,4009
Failed,,,,3937,0.1449898614361882,0.3855880686379969,1455,3527,852
Failed,,,,2531,0.86574232888408,0.5525633235573768,4784,4992,2070
Failed,,,,2484,0.3495118901059031,0.2235449119713157,241,1131,2800
Failed,,,,1501,0.9840158706847578,0.3360759454648941,746,85,4394
Failed,,,,3487,0.4711958434581756,0.8805519279316067,4348,3790,123
Failed,,,,4893,0.5063767708335071,0.0565638377033174,1876,2678,1331
Failed,,,,95,0.0208303547650575,0.7268235153127461,2984,1549,3175
Failed,,,,268,0.5474849636312574,0.4345766363274305,549,4596,240
Failed,,,,4747,0.0345438500829041,0.8561215495690703,4467,881,4589
Failed,,,,3653,0.9430285411383956,0.2057424166314303,1763,1993,3292
Failed,,,,1361,0.457361484888941,0.5035746238846331,3175,3132,1527
Failed,,,,2312,0.8133042091559619,0.9212269189748912,2675,3083,656
Failed,,,,2676,0.3320216979496181,0.3455628844089805,2193,1788,3892
Failed,,,,3769,0.6787102395575493,0.7173365001529454,4040,325,2605
Failed,,,,1219,0.1623572719357907,0.015888922875747,1063,4196,1953
Failed,,,,862,0.9281131807044148,0.6854096640404314,2174,1018,1680
Failed,,,,4116,0.4118820262420922,0.1096844189614057,2969,4733,3451
Failed,,,,3022,0.5637719448134302,0.953138764757663,810,3620,4743
Failed,,,,1955,0.0826112765092402,0.2517519221100956,4099,2481,399
Failed,,,,1718,0.693503801703453,0.1752771525401622,4915,1299,2419
Failed,,,,3306,0.2079585883561521,0.5968831573240458,61,2595,3076
Failed,,,,4400,0.7968956081420183,0.4650264342054724,3702,4059,4358
Failed,,,,624,0.2840763077531009,0.7627980257999151,1352,188,1128
Failed,,,,618,0.692547733195126,0.3937893981263041,2090,1191,1530
Failed,,,,4399,0.2107933853734284,0.8145428743790833,2857,4896,3299
Failed,,,,3305,0.7999159476682542,0.2483432467896491,876,3472,4581
Failed,,,,1711,0.2830602110046893,0.5433092505745589,4148,2343,238
Failed,,,,1962,0.9252944819331168,0.9053521960265934,4964,1454,1946
Failed,,,,3023,0.412825684601441,0.3268275533411652,131,2740,2602
Failed,,,,4117,0.5647697869688272,0.7350229115244001,3599,3890,3894
Failed,,,,868,0.0796050275955349,0.032782108977437,1261,29,664
Failed,,,,1215,0.8142374947424978,0.6422001342922448,501,4447,392
Failed,,,,3761,0.3291945745535194,0.0637362262364476,4397,742,4740
Failed,,,,2667,0.67569745468162,0.9981904394719748,1866,2167,3453
Failed,,,,2309,0.1633504667915403,0.2958884264118969,3266,3296,1688
Failed,,,,1365,0.5503265642952174,0.1540581837110221,2760,2915,1131
Failed,,,,3662,0.0335926370732486,0.5747510443050414,2305,1630,4365
Failed,,,,4756,0.942023025361821,0.4880894515346735,3974,478,3068
Failed,,,,271,0.4603905167244374,0.7831165468618274,1013,4339,2417
Failed,,,,91,0.9870449471343308,0.1161060669086873,3584,2387,4170
Failed,,,,4884,0.4701904020383954,0.6633828486073761,1559,3682,1013
Failed,,,,3478,0.5054255132097751,0.2747056098561733,4715,4832,2222
Failed,,,,1498,0.0236718810722231,0.9458207010403276,194,961,2951
Failed,,,,2487,0.6271426073852925,0.619842585414648,695,249,4857
Failed,,,,2539,0.1419771211743354,0.1679609626140445,4281,3963,587
Failed,,,,3946,0.8629151311311871,0.7692139334026724,1987,2539,1806
Failed,,,,1081,0.3504451310783624,0.4429977449811994,3067,1400,3648
Failed,,,,724,0.6133256269283592,0.8635024596489966,3832,3233,2797
Failed,,,,4292,0.1009774400349706,0.411560102218762,1184,1938,2063
Failed,,,,2886,0.8766177787221968,0.5255385929550975,2540,786,860
Failed,,,,2131,0.3915741354133933,0.1993836150467395,2398,4656,4011
Failed,,,,1854,0.7548931001536549,0.3675325938239693,1578,4139,3182
Failed,,,,3131,0.2732613109182566,0.9148699911814184,3291,425,1334
Failed,,,,4538,0.7374477990530431,0.0232640926111489,448,1849,121
Failed,,,,448,0.2207150671165436,0.6943180922530591,4655,2988,4386
Failed,,,,338,0.7868082176353782,0.972394440954551,2990,138,3912
Failed,,,,4686,0.3017491025365889,0.3021960333436727,1908,3777,916
Failed,,,,3280,0.7031351787205785,0.63498076434806,4360,2701,2120
Failed,,,,1745,0.1908024822063744,0.0904439877662807,772,1486,2699
Failed,,,,2085,0.5853089153449982,0.4769735104460269,274,2219,4485
Failed,,,,2892,0.0685911830328404,0.8059316038005054,4791,3590,63
Failed,,,,4299,0.9070319894384592,0.1321587563380599,1482,4939,1276
Failed,,,,679,0.4253851894252002,0.5849513558279723,3505,1144,3282
Failed,,,,957,0.6576252988502383,0.2254711433183401,4576,4226,2853
Failed,,,,4030,0.175856689395383,0.5544898523315787,371,588,2278
Failed,,,,2624,0.8348451633527874,0.3836461331360042,3368,1662,1070
Failed,,,,2364,0.3180055918563157,0.8363776410836726,1657,2877,4071
Failed,,,,1466,0.9526637828499078,0.7287800842318684,2474,3414,3747
Failed,,,,3548,0.4402092471513897,0.0585209419913589,2620,2043,1748
Failed,,,,4955,0.5373939426541328,0.8785796548575163,1105,695,530
Failed,,,,60,0.0522130181137472,0.3341040887888521,3755,4490,4956
Failed,,,,205,0.5160053501762449,0.5016328742746263,1340,1286,1630
Failed,,,,4783,0.0036733581926673,0.203800964448601,3676,2647,3552
Failed,,,,3689,0.973929608542472,0.8580475950241088,54,3997,4839
Failed,,,,1299,0.4888716738577932,0.4365033361222594,4884,211,334
Failed,,,,2218,0.8446602434776723,0.0139165977519005,4072,1081,2474
Failed,,,,2797,0.3630122593324631,0.7153647103980184,796,4710,2970
Failed,,,,3891,0.6476893406026065,0.3475195053778588,2937,3634,4266
Failed,,,,1124,0.1309709000419825,0.923183956341818,2166,2429,1187
Failed,,,,855,0.8972178276199846,0.2537236523795872,1090,3097,180
Failed,,,,4169,0.380377544157207,0.955111149366945,4053,1736,4680
Failed,,,,3075,0.5952458513844758,0.1077274410799145,2226,387,3398
Failed,,,,1949,0.1134760540798306,0.6834529835861176,2683,4172,1472
Failed,,,,1567,0.7245228008423,0.764739418497309,3187,4534,721
Failed,,,,3411,0.2393430529981851,0.4669682433009147,1789,905,3796
Failed,,,,4504,0.765541481072083,0.5949565170146524,4473,1980,2504
Failed,,,,473,0.2530876461863517,0.1733510475996881,581,3184,2003
Failed,,,,512,0.919666901346296,0.5699931389261037,4009,3817,1146
Failed,,,,4465,0.4340141197424381,0.1475890459381044,1045,102,4298
Failed,,,,3371,0.5864489211849868,0.7895724045112728,2717,1527,3094
Failed,,,,1606,0.0734916257392615,0.4928301804941147,2259,2666,2360
Failed,,,,1910,0.7176655419804155,0.0743284333851188,1756,3555,459
Failed,,,,3114,0.2012982959952205,0.6505937746167183,3153,2260,4724
Failed,,,,4208,0.7899340926893055,0.2874814762212336,625,1108,3510
Failed,,,,816,0.308667759662494,0.987581085646525,4518,4979,1663
Failed,,,,1163,0.540344634959474,0.3179428607467562,3719,551,1894
Failed,,,,3852,0.0592001411169767,0.8942688176371157,1384,4266,2623
Failed,,,,2758,0.9671409085039048,0.0438825150728225,4849,2842,3831
Failed,,,,2257,0.4508954719603061,0.74392103295587,19,1703,676
Failed,,,,1260,0.8359165843445807,0.8214955692570656,832,2084,1509
Failed,,,,3728,0.3230810983404517,0.3990307416394353,4106,3379,3352
Failed,,,,4822,0.6700699187088757,0.5380849645100533,2123,4529,4570
Failed,,,,166,0.1845389762893319,0.2414039510060101,2893,659,300
Failed,,,,21,0.6488183472137898,0.9081724590789528,328,2613,3156
Failed,,,,4993,0.1358622359000146,0.3630335393175482,4533,1327,1392
Failed,,,,3587,0.8572890339624136,0.6988303673975169,1692,175,105
Failed,,,,1427,0.371636960607022,0.0299788606185466,3402,4036,4453
Failed,,,,2403,0.9770625530686228,0.4202126529011875,2585,4750,2740
Failed,,,,2585,0.4957955155111849,0.8738662129826844,2440,1045,2089
Failed,,,,3992,0.5305457571800797,0.1890331120938062,3798,2469,792
Failed,,,,997,0.0141773307807743,0.5169032484348863,1148,3599,4027
Failed,,,,640,0.7800132995098829,0.1571060380395501,1952,1776,4919
Failed,,,,4338,0.2637666862700134,0.6106989824622869,3035,3062,576
Failed,,,,2932,0.7274654496014117,0.4521242607422172,738,4212,1858
Failed,,,,2046,0.2463202549461275,0.7800554886255413,4326,351,3628
Failed,,,,1783,0.6076994554027914,0.6683653412479907,4825,869,4180
Failed,,,,3240,0.1221692249495536,0.1232871561162173,307,4574,951
Failed,,,,4647,0.8982935929074883,0.9386224948987364,3460,3149,2243
Failed,,,,377,0.3854592947531491,0.2697097776066512,1438,2020,2899
Failed,,,,408,0.5753437162879854,0.0481743204630911,1227,4856,3686
Failed,,,,4576,0.0941830275356769,0.7201332441512495,3875,1227,1759
Failed,,,,3170,0.9321350458357484,0.3427679863180965,2363,2302,477
Failed,,,,1815,0.415903900668025,0.8889396754801273,2506,3506,4977
Failed,,,,2170,0.8084706959296017,0.5590060386434196,3326,2774,2842
Failed,,,,2847,0.2956514048352837,0.2321743860226124,1613,1413,2341
Failed,,,,4253,0.6975223505217581,0.8296914260853082,4612,65,1049
Failed,,,,764,0.2119771167263388,0.3791433756612241,404,3850,4124
Failed,,,,1042,0.947050999265164,0.7987371898554265,1515,778,4510
Failed,,,,3985,0.4613839560281485,0.4719662718642502,3540,4407,6
Failed,,,,2579,0.5590563763342797,0.5899452845435589,228,3331,1293
Failed,,,,2449,0.0461152460556477,0.1393360236063599,4748,2126,3214
Failed,,,,1536,0.6827284296043216,0.311326311558485,4247,1589,3970
Failed,,,,3439,0.1663754452522843,0.9832246195878832,662,2950,891
Failed,,,,4845,0.8248798899389803,0.0796005290094762,3111,4300,2187
Failed,,,,130,0.3435973917450755,0.625833309713751,2032,514,2683
Failed,,,,311,0.8697647832930087,0.4585498570352792,4441,3717,774
Failed,,,,4717,0.3535343649629503,0.7541338866110892,546,2346,3775
Failed,,,,3623,0.6377207471579313,0.183939462551847,3233,997,2566
Failed,,,,1404,0.1565612611267715,0.6033615636713802,1833,4792,1992
Failed,,,,2270,0.5103949571624398,0.9615555411987006,2339,3924,201
Failed,,,,2706,0.0248485317993909,0.2584682330209762,2793,285,4628
Failed,,,,3800,0.9955915477499366,0.6786913157533853,969,1359,3410
Failed,,,,1176,0.4827715409714728,0.1012696798965334,3929,2574,1409
Failed,,,,907,0.7461848144065588,0.7101290774866938,2814,1897,2458
Failed,,,,4078,0.2332429647259414,0.0069810346793383,2046,3268,3038
Failed,,,,2984,0.7599310137014836,0.9301327697951348,4184,4617,4241
Failed,,,,2001,0.2742627751789987,0.3527723444513976,911,821,1244
Failed,,,,1672,0.8872492787893861,0.2148900534398853,96,460,1564
Failed,,,,3344,0.4059679795987903,0.5105346986744553,4929,4099,3568
Failed,,,,4438,0.6203503465857356,0.4276147323604673,1304,3023,4781
Failed,,,,579,0.1039980853535234,0.8469757419377564,3642,1809,360
Failed,,,,553,0.8275293201152235,0.1958923850953578,1843,2687,2728
Failed,,,,4432,0.315668436050415,0.5216897960510105,3261,1560,2130
Failed,,,,3339,0.6619267827067524,0.4154089586082845,479,94,927
Failed,,,,1647,0.1773704422265291,0.8669936301149427,4391,3801,3941
Failed,,,,2027,0.5328943778742103,0.697923474755138,3959,4983,3251
Failed,,,,2990,0.0507752820923924,0.0269987369645386,978,1120,1267
Failed,,,,4084,0.9599338278789072,0.911135406313464,2746,2233,54
Failed,,,,933,0.4427137893959879,0.3639271518364548,2269,3516,4455
Failed,,,,1211,0.710466194462031,0.9415985735431311,880,1697,4100
Failed,,,,3815,0.1931243465375155,0.2706131011229008,4175,2823,1081
Failed,,,,2722,0.782491568710655,0.6674752978552133,2094,4290,2289
Failed,,,,2305,0.3002506337445229,0.120328253891319,2884,582,2881
Failed,,,,1368,0.9115162701793014,0.447334143999964,3631,631,4927
Failed,,,,3606,0.4268380905147641,0.7731921706143766,1276,4495,520
Failed,,,,4700,0.5780541617907584,0.1639826659169048,4996,3380,1738
Failed,,,,275,0.0660714682843536,0.615506245881319,146,2097,3718
Failed,,,,146,0.5995483409166334,0.2845168633945286,2576,4051,325
Failed,,,,4881,0.1149927272740751,0.986689138719812,2410,177,4809
Failed,,,,3474,0.8898993019610643,0.0752374675031751,3867,1291,3522
Failed,,,,1552,0.3780396206174045,0.6535717567950488,1197,2584,1621
Failed,,,,2432,0.7728144353106617,0.7943739573284982,454,3629,1198
Failed,,,,2543,0.2555932052601128,0.4997049048375338,4679,2492,4295
Failed,,,,3949,0.7200224571749568,0.5631355315167456,1584,1027,2999
Failed,,,,1026,0.237902645708993,0.1428008327297866,3314,4744,2484
Failed,,,,758,0.9696118275355547,0.5312066710405051,4698,314,1462
Failed,,,,4228,0.4873701731674373,0.2365983531791716,161,4187,3369
Failed,,,,2821,0.5233391598742455,0.8262878274749964,3568,3072,4651
Failed,,,,2164,0.0059961166642606,0.4058919181749224,1525,1779,171
Failed,,,,1821,0.640431551432237,0.0447704169899225,1962,2004,2013
Failed,,,,3196,0.1284500569291412,0.7468820766564459,3064,3141,2532
Failed,,,,4602,0.849145414641127,0.3149684476945548,671,4607,3824
Failed,,,,415,0.3644679580964148,0.8933638285286724,4277,890,732
Failed,,,,364,0.6752781725190579,0.6718299161475151,3394,3487,267
Failed,,,,4614,0.1579505862277001,0.0964776447489857,1662,2270,4591
Failed,,,,3208,0.8176728093139826,0.9663608862124384,4602,1235,3310
Failed,,,,1770,0.3354157091807574,0.2653467793036252,375,4871,1558
Failed,,,,2060,0.9386637350358068,0.1848447342161089,1120,3846,634
Failed,,,,2965,0.4539712937381118,0.606335694167763,3787,54,3884
Failed,,,,4371,0.5509132403321563,0.4555890066623687,2490,1439,2593
Failed,,,,653,0.0389467119928449,0.7532457913663237,2652,2812,1916
Failed,,,,1000,0.8003200647626071,0.4246365568544715,4355,2133,1717
Failed,,,,4014,0.2884753756076097,0.8460669011473656,750,3350,3463
Failed,,,,2608,0.6891275911275297,0.2157817178107798,2985,4383,4750
Failed,,,,2406,0.2045569592714309,0.5134995940569788,1885,747,421
Failed,,,,1423,0.568144368769601,0.9349212358165532,1446,542,2387
Failed,,,,3564,0.0860090780779719,0.3596296990476548,3491,4335,3059
Failed,,,,4970,0.9246925218570976,0.7032545762136578,237,2949,4356
Failed,,,,17,0.4074867747500539,0.0021792587917298,4777,1576,1100
Failed,,,,189,0.8800504145901649,0.832650610866025,2192,4779,2942
Failed,,,,4825,0.3977944985888898,0.3800331364981829,2667,996,2192
Failed,,,,3732,0.6129073541592805,0.5581029084548353,1057,2382,984
Failed,,,,1282,0.095580476116389,0.2291981140505522,4037,3745,4160
Failed,,,,2233,0.738033699920401,0.3379604998286813,4470,2544,3659
Failed,,,,2754,0.2260664670504629,0.8820632706731558,555,1337,1834
Failed,,,,3848,0.7515367227550594,0.0550373856611549,3184,302,616
Failed,,,,1140,0.2668431010432541,0.7249236137066036,1764,3929,4867
Failed,,,,783,0.5020081613808869,0.0864733646903187,67,859,4002
Failed,,,,4195,0.0174363528285175,0.6306367511935532,4919,4642,829
Failed,,,,3101,0.98744792842865,0.3065399870127439,1353,3257,2033
Failed,,,,1877,0.4756025384608656,0.9763651235159486,3710,1893,2789
Failed,,,,1639,0.8623140577599406,0.589051478696987,2960,1825,4396
Failed,,,,3385,0.3451090226192027,0.1363732696995139,2173,3033,150
Failed,,,,4479,0.630514149852097,0.8017170309536159,4096,4066,1363
Failed,,,,545,0.1483800470102578,0.4728734470624476,804,439,3192
Failed,,,,506,0.5575254284944385,0.7681887688431888,4876,2307,4986
Failed,,,,4518,0.0417661180831491,0.4401435073800384,23,3443,507
Failed,,,,3425,0.949466017788276,0.6226796763390303,3745,4910,1789
Failed,,,,1600,0.4688081259615719,0.1689728173073381,1388,1193,3695
Failed,,,,1916,0.8223886092286556,0.2814471165668219,2138,11,4113
Failed,,,,3062,0.3363710722289979,0.9507326290830967,2926,3885,1021
Failed,,,,4156,0.6840917456280439,0.1111769624464213,847,2769,2312
Failed,,,,823,0.1707701409272849,0.6566280617732555,4139,1476,2832
Failed,,,,1100,0.9336812777146696,0.0183557336945086,2711,3307,3224
Failed,,,,3887,0.4202378635723144,0.6875806305520236,2237,2170,1322
Failed,,,,2793,0.5729134062901138,0.3742833356484771,4003,704,35
Failed,,,,2194,0.0867740301061421,0.9197955265175553,1023,4421,4520
Failed,,,,1321,0.6999984587281942,0.5283968755658714,589,4373,2673
Failed,,,,3693,0.219218727717176,0.2004123487323522,4504,500,2159
Failed,,,,4786,0.8071225449740886,0.8624870358295738,1720,1613,862
Failed,,,,228,0.291241425121203,0.4087189662847667,3139,2906,3959
Failed,,,,56,0.7623433572389186,0.7399503503944724,705,954,1963
Failed,,,,4931,0.2816861699428409,0.0395385614037513,4310,4817,2556
Failed,,,,3525,0.7446548796780407,0.8986128307916224,1919,3702,3764
Failed,,,,1462,0.2288967496808618,0.3219134838227182,3018,2419,745
Failed,,,,2367,0.6217128911577166,0.2455040143895894,3457,1374,1439
Failed,,,,2647,0.1083901023250073,0.5422995373569429,1413,2501,3419
Failed,,,,4053,0.8847609147243201,0.3948162282779812,4822,3967,4637
Failed,,,,961,0.3987426694761961,0.817395446388051,282,260,231
Failed,,,,693,0.6352932385522873,0.4891032097619026,1705,4681,1216
Failed,,,,4332,0.1491531504020094,0.7859593483880161,3437,817,4230
Failed,,,,2926,0.8713098905254155,0.1512020425759255,340,1931,3027
Failed,,,,2099,0.3578652885332703,0.5737201691437512,4567,3213,2430
Failed,,,,1731,0.9942442946527152,0.9914375561717896,3822,2989,389
Failed,,,,3247,0.4783643514961004,0.2909650325514376,1155,1862,4791
Failed,,,,4653,0.5128680371884256,0.6471101588010788,2609,397,3578
Failed,,,,325,0.0320890069901943,0.0704720223452895,2446,4104,1593
Failed,,,,454,0.9608148973360656,0.3485501574687659,205,1522,2369
Failed,,,,4563,0.4473857448268681,0.9260403205472976,4743,2730,3124
Failed,,,,3157,0.5457882336005568,0.0110735434126108,1492,3763,4328
Failed,,,,1860,0.0596326922494918,0.71435120498389,3534,136,1156
Failed,,,,2125,0.6648241630494593,0.8513120814710855,3098,1162,1652
Failed,,,,2861,0.1840301704052835,0.431593029057607,1995,4945,3482
Failed,,,,4267,0.8422881557792425,0.506556461462751,4233,3560,4695
Failed,,,,719,0.3264232010934501,0.2105536544211208,626,2196,449
Failed,,,,1065,0.5927596408780664,0.5998703932054341,2367,2866,684
Failed,,,,3910,0.0770165253765881,0.1800906061623245,2532,1659,3861
Failed,,,,2504,0.9142385867442936,0.7579826835151761,1232,625,2653
Failed,,,,2471,0.4335664035417139,0.4620410869866609,3901,4251,1902
Failed,,,,1513,0.7951950134169309,0.1048751218840479,4644,4457,290
Failed,,,,3513,0.3091612815074622,0.6824259006213396,420,674,4541
Failed,,,,4919,0.7112787980418652,0.2547335886675864,3358,2059,3323
Failed,,,,107,0.1979714847169816,0.9579501586966216,1628,3423,1499
Failed,,,,236,0.7329100650716573,0.1272335035577416,4218,219,4424
Failed,,,,4739,0.2467557152882218,0.578200331447646,924,4012,95
Failed,,,,3646,0.7736846170742064,0.4837111654747277,2849,2627,1381
Failed,,,,1329,0.2602561802491545,0.8108397693894803,2059,1254,3128
Failed,,,,2344,0.9046680847052484,0.637821677211672,1311,2455,4056
Failed,,,,2682,0.3888024031817913,0.0914596346560865,3666,3672,802
Failed,,,,3776,0.6024529320094734,0.9713654544558376,103,4705,2098
Failed,,,,1250,0.1216577366441488,0.2993380035459995,4952,1069,2770
Failed,,,,894,0.8518595909960567,0.8775680529773235,3216,4149,3599
Failed,,,,4123,0.3711862087901681,0.331266745051369,1799,356,1848
Failed,,,,3030,0.655131864581257,0.7316345449034125,4425,1742,566
Failed,,,,1988,0.1393880259599536,0.0595458834804594,512,3115,4890
Failed,,,,1686,0.5241559813432395,0.3904007266424596,944,3184,2929
Failed,,,,3299,0.0108493874203413,0.8413069388736039,3926,1967,2251
Failed,,,,4393,0.9823243679367004,0.2205589327197521,2313,932,960
Failed,,,,593,0.4962918313127011,0.5477486281767487,2791,4568,4211
Failed,,,,606,0.9804671201761812,0.9272714952528476,641,3533,1840
Failed,,,,4382,0.4982100219018757,0.3517313707079738,4229,2238,3606
Failed,,,,3288,0.5261360051836818,0.7111698597613721,2010,1125,4903
Failed,,,,1700,0.0088084207512438,0.0098425006903707,3094,4996,554
Failed,,,,1974,0.6532127668391912,0.4323072939179837,3519,3795,2264
Failed,,,,3041,0.1412462403587997,0.8539746895302087,1496,80,2916
Failed,,,,4134,0.8538995612841099,0.2078911225777119,4728,1544,4203
Failed,,,,880,0.3692071218453347,0.50584212038666,209,2683,968
Failed,,,,1237,0.6043102057948708,0.1769368863478303,1634,2101,88
Failed,,,,3787,0.1197395795155316,0.5986650165896862,3344,3396,4431
Failed,,,,2693,0.9026880274042486,0.4632465398181229,425,4508,3140
Failed,,,,2330,0.3908433438260108,0.7611363271139561,4630,637,1369
Failed,,,,1343,0.7756037408411502,0.6797281850017606,3896,569,814
Failed,,,,3635,0.2583979993108659,0.1041274447981268,1246,4283,4045
Failed,,,,4728,0.7308700613230465,0.9586977037992328,2526,2820,2763
Failed,,,,249,0.2487347762081772,0.2574314362704753,2381,1681,2105
Failed,,,,113,0.7132581396587193,0.5813511197455227,4947,4728,3849
Failed,,,,4911,0.1959312597569078,0.1284341975543648,117,1023,697
Failed,,,,3505,0.793336548063904,0.8096391516085713,3660,2487,1910
Failed,,,,1519,0.311080630203709,0.4805603009611368,1326,3616,2645
Failed,,,,2465,0.916279778342694,0.0941527234241366,2064,2591,4549
Failed,,,,2512,0.4315861547719687,0.6385663670133798,2835,1305,283
Failed,,,,3919,0.5908412290774285,0.2985931817609816,929,192,1486
Failed,,,,1059,0.0788739943485707,0.9686724976710976,4204,4053,3335
Failed,,,,713,0.8403088476229458,0.3300309434942901,2776,886,3112
Failed,,,,4275,0.328463452078402,0.8743838524539023,2317,4591,2381
Failed,,,,2869,0.6666826023776083,0.0627299520205706,3911,3128,1163
Failed,,,,2119,0.1821107882484793,0.7328704784438013,948,1998,4320
Failed,,,,1866,0.5437470754627138,0.8405897424966096,527,1794,3489
Failed,,,,3148,0.061612967044115,0.3877334359642118,4421,3079,1645
Failed,,,,4555,0.9627332831118256,0.5504159950707108,1814,4190,437
Failed,,,,460,0.4455282423943281,0.2212760528810322,3212,329,4707
Failed,,,,316,0.5147871312126517,0.4393959604185074,4125,2796,4223
Failed,,,,4659,0.030230796309188,0.7654909156635403,852,1435,1223
Failed,,,,3253,0.9922043206468224,0.1716705347858369,2912,48,2442
Failed,,,,1723,0.4803434421587735,0.6234273590017109,2144,3833,3015
Failed,,,,2107,0.8731671345680952,0.9495271818283944,1402,4878,4803
Failed,,,,2920,0.3559471016619354,0.2782934748269617,3740,1249,378
Failed,,,,4326,0.6333132109940051,0.6597817760109901,37,2285,1586
Failed,,,,701,0.1511941207889467,0.1123823372032493,4870,3489,3585
Failed,,,,969,0.8828417872395365,0.6902431605365126,3135,1572,2548
Failed,,,,4047,0.4006008541323244,0.01907006919384,1735,2933,1971
Failed,,,,2641,0.6237528911884874,0.9190812635160984,4500,4321,757
Failed,,,,2376,0.1064110451228916,0.3716207331661134,605,536,3752
Failed,,,,1454,0.7427976021748036,0.2035936995316296,1027,761,3431
Failed,,,,3531,0.2308149105273187,0.5296279201470315,3987,4390,1427
Failed,,,,4937,0.7643234108220786,0.4074877860024571,2241,3353,223
Failed,,,,48,0.2796452330164611,0.8593058207314461,2696,2148,4645
Failed,,,,217,0.8050813570935279,0.0368712000865489,287,3946,1310
Failed,,,,4800,0.2932216701731085,0.7392332320921123,4807,307,3236
Failed,,,,3706,0.7019168742466718,0.3226306746229529,1417,1342,4527
Failed,,,,1310,0.2173612550273537,0.9012801196109504,3442,2557,28
Failed,,,,2205,0.5709340683910996,0.5391154669579119,3014,3739,2166
Failed,,,,2780,0.0888142513483762,0.2442680752724409,1934,2368,2666
Failed,,,,3873,0.9355397467855364,0.8186312498040497,4305,980,3947
Failed,,,,1111,0.4183185111582279,0.398000434378162,720,4776,874
Failed,,,,834,0.6861329074837267,0.7867041757497936,2460,443,494
Failed,,,,4142,0.1687898624148219,0.4917961684055626,2603,4082,4999
Failed,,,,3048,0.8204702271707355,0.5710270747989415,1169,3045,3702
Failed,,,,1927,0.3382285709436982,0.1504573509152978,3817,1830,1781
Failed,,,,1589,0.9514453296624124,0.2921656484734266,4554,1880,1028
Failed,,,,3438,0.4667678712587803,0.9945884151086212,346,3250,4106
Failed,,,,4532,0.5556669928841292,0.0673212359063327,3423,4639,2819
Failed,,,,495,0.0436854965221136,0.6459094703812152,1710,844,2325
Failed,,,,534,0.6324944302234798,0.0971957036647945,2638,1471,837
Failed,,,,4493,0.1463388832956552,0.6744963442869484,2495,2757,3994
Failed,,,,3399,0.8604565609041601,0.2626804534047841,3773,3868,2776
Failed,,,,1628,0.3470274028182029,0.9656427250560372,1126,7,2046
Failed,,,,1888,0.9894881849903612,0.6075706926714629,389,1208,137
Failed,,,,3088,0.4736232247278094,0.1880297377929091,4597,4913,4408
Failed,,,,4181,0.5000887848008424,0.7500606223456561,1676,3450,3200
Failed,,,,794,0.0192947865799069,0.4543541736025363,3388,2320,1356
Failed,,,,1151,0.7495564758442342,0.8433730093259363,4773,2893,2199
Failed,,,,3834,0.2688842907827347,0.4238926701061427,253,1608,2935
Failed,,,,2741,0.7398911707513033,0.5142433153614401,3487,495,4148
Failed,,,,2244,0.2241480533909052,0.2184757750760763,1461,4356,995
Failed,,,,1271,0.6108671310581267,0.3564797732885927,1889,4425,1822
Failed,,,,3745,0.0975598158743232,0.9337196792811157,2970,720,3671
Failed,,,,4839,0.8819697651453317,0.0033809175677597,754,2184,4874
Failed,,,,178,0.3959360313769429,0.7064043997321277,4339,3313,609
Failed,,,,9,0.9228343353420496,0.3827300490643829,1768,266,3476
Failed,,,,4976,0.4094059040937572,0.8333990910053252,3169,3980,1705
Failed,,,,3570,0.5701234241127968,0.2284494684673845,560,2517,413
Failed,,,,1415,0.0839690799061209,0.5554061613325029,4455,1378,4757
Failed,,,,2414,0.687209428422153,0.8852178530264646,4032,2404,3052
Failed,,,,2602,0.2064142386335879,0.3391650139056145,1072,3699,2395
Failed,,,,4008,0.8023609998300671,0.7237192018702626,2663,4810,1113
Failed,,,,1008,0.2864953238833695,0.0518827010672539,2207,939,4343
Failed,,,,662,0.5527714528720826,0.629923348871991,818,4117,4603
Failed,,,,4365,0.037027616109699,0.083809894092381,4090,403,255
Failed,,,,2959,0.9366846462320536,0.9790286963544786,2187,1867,1551
Failed,,,,2068,0.4560112658850848,0.3072532870937138,2955,3005,3317
Failed,,,,1762,0.8195909980442375,0.1351412919405847,3696,3211,3877
Failed,,,,3214,0.3335584632791578,0.5858710685111582,1359,1916,641
Failed,,,,4620,0.6732372039910405,0.476053691804409,4905,803,1928
Failed,,,,356,0.1599306119270622,0.8029491741564124,72,4673,2581
Failed,,,,421,0.8471051617972551,0.5204881391339004,2284,2202,3376
Failed,,,,4594,0.3664472681116312,0.1927425671536475,2742,3573,1455
Failed,,,,3188,0.6423509317301213,0.8701435540150851,993,4961,159
Failed,,,,1827,0.1265916194599121,0.4166105095669627,3955,1166,4663
Failed,,,,2158,0.5213588832207025,0.0262550100833177,4376,121,2520
Failed,,,,2830,0.0080372766610234,0.6952294156309217,483,3760,2025
Failed,,,,4236,0.9714693281091747,0.3666210492346435,3245,2723,739
Failed,,,,752,0.4854517892505973,0.9118792949207128,1848,1508,3817
Failed,,,,1020,0.7220626839939503,0.2737982720024883,151,3436,4817
Failed,,,,3957,0.2359233022332191,0.9428334121797232,4982,2065,317
Failed,,,,2551,0.7708950884733348,0.1190932535286992,1282,678,1609
Failed,,,,2426,0.2574516687542199,0.6642902887016535,3617,4473,3535
Failed,,,,1558,0.8918795525897293,0.775858490936458,2878,4248,4283
Failed,,,,3466,0.3759984271600842,0.4480523032974451,2108,609,1210
Failed,,,,4872,0.5976908738035708,0.6147881925422697,4170,1645,2492
Failed,,,,152,0.1169111372157931,0.1613162396363914,894,2860,2991
Failed,,,,288,0.5799723207782954,0.983508888401091,3309,1064,1093
Failed,,,,4689,0.0642141926400363,0.2832847183328122,1599,4693,4088
Failed,,,,3596,0.9094753313940018,0.6548037401307373,4674,3655,2874
Failed,,,,1382,0.428818145956844,0.0784178795479237,468,2451,2296
Failed,,,,2291,0.7843497515078633,0.4970413338579237,1202,1269,513
Failed,,,,2733,0.2983315081186592,0.793660662824288,3853,2630,4934
Failed,,,,3826,0.7084871354009956,0.1435142331924289,2416,4019,3730
Failed,,,,1198,0.1951643484272062,0.5657989965379236,2561,233,1726
Failed,,,,920,0.9580156354308128,0.2378027594387531,4262,4556,2143
Failed,,,,4095,0.4445710390154272,0.5343613537754863,675,927,2715
Failed,,,,3001,0.5349353426843881,0.4027373413983732,3049,1962,3934
Failed,,,,2013,0.04879526011087,0.825083315256983,1966,3167,934
Failed,,,,1661,0.6600685664489864,0.7476307240985333,1541,3118,1260
Failed,,,,3328,0.1792895418275147,0.0474671696890145,3563,1758,3259
Failed,,,,4421,0.8295084052011371,0.8906669141035526,176,370,4468
Failed,,,,567,0.3136284676212817,0.3142199619784951,4694,4155,41
Failed,,,,570,0.6183101234845816,0.7208514164611696,398,33,3044
Failed,,,,4444,0.1059774251114577,0.0508406277727335,4626,3907,2451
Failed,,,,3350,0.8891686293445527,0.8862732361871749,1607,2752,1233
Failed,,,,1664,0.4041095123868435,0.3420499459914863,3340,1459,4253
Failed,,,,2009,0.7579507667906582,0.2334092674143612,2511,2329,3556
Failed,,,,2978,0.2763039649184793,0.5621911667678505,2349,3465,1575
Failed,,,,4072,0.7480422852374613,0.3759583237525075,3881,4893,367
Failed,,,,916,0.2313245510663837,0.8284564684778452,1214,1176,4774
Failed,,,,1184,0.997631804311648,0.4692722554951906,2016,4356,3782
Failed,,,,3794,0.4807922272384166,0.7979934202190488,3116,483,766
Failed,,,,2700,0.5084755805823951,0.1400798694584518,647,1635,1979
Failed,,,,2278,0.0267069655507802,0.5926392246969044,4251,2928,2579
Failed,,,,1396,0.6397010275293141,0.980074814658612,4763,3289,4615
Failed,,,,3629,0.1545200974121689,0.3101246416289359,224,2153,213
Failed,,,,4723,0.8679072864372283,0.6270348476599901,3555,726,1417
Failed,,,,302,0.3554527451619505,0.0827504659220576,1510,4443,3402
Failed,,,,119,0.826798078669235,0.7568306820653378,3944,1396,18
Failed,,,,4859,0.341740145843476,0.45929846172221,965,2523,4499
Failed,,,,3452,0.6806874610763042,0.6026130352001637,2809,3950,3207
Failed,,,,1526,0.1683554709516465,0.1812425908818841,2334,243,1300
Failed,,,,2460,0.5609145888742059,0.2616229287683963,1817,976,883
Failed,,,,2565,0.0441961501725018,0.962759934445843,3237,4839,3977
Failed,,,,3971,0.9450719104614108,0.100065154666081,531,3685,2696
Failed,,,,1053,0.4634239281751215,0.6755367519892752,4445,2402,2175
Failed,,,,775,0.6956041878163814,0.0062677531875669,3648,2972,1771
Failed,,,,4240,0.2138343960884958,0.7074654934946447,1290,1846,3673
Failed,,,,2833,0.8105116309970616,0.3554357964601367,4934,419,4969
Failed,,,,2181,0.2936713531110435,0.930846183270216,82,4126,484
Failed,,,,1804,0.9302768593207,0.5093025963678957,905,4663,2333
Failed,,,,3184,0.4178230300117283,0.2117097603660076,4198,800,2849
Failed,,,,4590,0.5773227716311812,0.8501561112273484,2041,1953,4136
Failed,,,,397,0.0921430293638259,0.4288467584513127,2828,3236,1037
Failed,,,,391,0.9002738435361534,0.1463875061329454,4522,1140,584
Failed,,,,4636,0.3834181012958288,0.5668431964367628,610,4923,4912
Failed,,,,3229,0.6058419882897287,0.4959799872823059,3158,3577,3615
Failed,,,,1797,0.1240876348912715,0.7907740800175815,1740,2213,1870
Failed,,,,2033,0.7295056764204055,0.6498499343413859,2255,1501,939
Failed,,,,2943,0.2443409114703536,0.0716344950906932,2732,2708,4193
Failed,,,,4349,0.7780939526725559,0.9902750964388252,1041,3780,2906
Failed,,,,626,0.2656251497641206,0.2882252439986914,4024,153,2235
Failed,,,,983,0.5285654805265367,0.8974538676869123,2907,4473,1399
Failed,,,,4003,0.0162184907775372,0.3191778127774596,2118,691,3149
Failed,,,,2596,0.9789200536422432,0.7426861534230411,4121,2038,4441
Failed,,,,2389,0.4938771315943449,0.0406973925251513,826,3401,117
Failed,,,,1441,0.8552487811185419,0.4016971865091472,5,2884,2077
Failed,,,,3576,0.3736162706222385,0.8222136114425957,4855,1676,2752
Failed,,,,4983,0.6507377275116741,0.2406857731193303,1370,602,4034
Failed,,,,34,0.1340037984307855,0.5354186553414911,3724,4229,785
Failed,,,,172,0.6682117024511098,0.3598531756047159,1134,2433,2635
Failed,,,,4814,0.1864580758903175,0.906940434847027,3804,3650,1881
Failed,,,,3720,0.8378956694304943,0.0312109573483467,2426,4722,668
Failed,,,,1266,0.3210411299113184,0.7020106586124748,2591,1086,3839
Failed,,,,2251,0.9652227160558104,0.8712027591150254,3416,198,3344
Failed,,,,2766,0.4527527215797453,0.4194992338493466,1687,3990,1516
Failed,,,,3860,0.5423855997696518,0.5176165317855775,4546,2644,313
Failed,,,,1157,0.0572201191354543,0.1916967016626149,322,1271,4558
Failed,,,,810,0.7917922754865139,0.6119035132694989,1433,3201,4310
Failed,,,,4216,0.3067486340366303,0.1602606036625802,3476,1984,1134
Failed,,,,3123,0.71568648291938,0.7769007873013615,303,910,2353
Failed,,,,1904,0.2033382978849113,0.4509198656361549,4840,4547,3101
Failed,,,,1612,0.5883670801725238,0.124035682728514,4331,4166,4717
Failed,,,,3363,0.0716343500949442,0.6710622073411942,723,373,466
Failed,,,,4457,0.9176259625609964,0.2670129840113222,3039,1720,1675
Failed,,,,518,0.4359941751845181,0.9378738957885652,1937,3093,3498
Failed,,,,479,0.7674606048390268,0.3034270946551114,3509,4966,4673
Failed,,,,4496,0.2512294652480632,0.9755757750235496,1467,1103,188
Failed,,,,3402,0.7224827970936895,0.0872627559378743,4795,2255,1484
Failed,,,,1573,0.2413221139181405,0.6337496007960289,258,3538,3386
Failed,,,,1943,0.5971031251698731,0.8066459857728331,768,2669,3807
Failed,,,,3084,0.1115578969512134,0.4796359939575195,4375,1543,709
Failed,,,,4177,0.8952377703189849,0.5822887068726122,1903,116,1996
Failed,,,,849,0.3824184848014265,0.1314445398095995,3006,3823,2511
Failed,,,,1118,0.6457702428605407,0.551336257064715,3769,653,3545
Failed,,,,3899,0.1328291144408285,0.2242656495906412,1099,4517,1638
Failed,,,,2806,0.8467002137657254,0.837582969367504,2634,3362,346
Failed,,,,2212,0.3610331723876297,0.3867998938467353,2469,2079,4827
Failed,,,,1305,0.9720723607819526,0.0558231055419892,1643,1718,2983
Failed,,,,3681,0.4907898644469678,0.7280325205400586,3373,2845,2462
Failed,,,,4775,0.5179853740166873,0.3348517547212541,356,4273,1180
Failed,,,,211,0.0016323915235698,0.8812773890662938,4582,565,4274
Failed,,,,74,0.5353527845162898,0.2069518698584288,2152,3612,2266
Failed,,,,4944,0.0541932929083704,0.5028334437236189,2942,2475,2865
Failed,,,,3537,0.9545821686256676,0.4353026012293994,783,1048,4079
Failed,,,,1480,0.4383517447188496,0.8548968550581484,4078,4766,1063
Failed,,,,2350,0.8328658551964909,0.718057685771957,4898,4033,1755
Failed,,,,2635,0.3200458428412675,0.0146614083833992,48,160,3741
Failed,,,,4041,0.6594837381783872,0.9224392479509114,3690,1313,4944
Failed,,,,944,0.1739373072385788,0.3448264277633279,1335,2606,541
Failed,,,,665,0.9090731810368596,0.9538752269800752,576,2026,904
Failed,,,,4310,0.4234049406554549,0.2505395652502774,4488,3163,3925
Failed,,,,2903,0.5833905035443603,0.6866371729560196,1785,4590,2707
Failed,,,,2071,0.070448652004823,0.1089632612261921,3202,873,2112
Failed,,,,1758,0.7051145203374326,0.466251171471551,2688,336,71
Failed,,,,3269,0.1887622572463005,0.7620720107071101,2210,4209,4478
Failed,,,,4675,0.7849497522823513,0.1760182899460196,4057,3055,3269
Failed,,,,352,0.3036684512328356,0.5956737542878836,1075,1762,1289
Failed,,,,437,0.7355905215498059,0.8137952103056013,1256,3863,2056
Failed,,,,4551,0.2226332279630005,0.3910916694942861,3613,70,2805
Failed,,,,3145,0.7568731537368149,0.546007085165009,125,1417,4023
Failed,,,,1843,0.2712203739918768,0.2490908049046993,4977,2791,847
Failed,,,,2142,0.8746986512374133,0.3256222194805741,4154,3504,1347
Failed,,,,2872,0.3934323200695216,0.9021984334569424,862,2287,3170
Failed,,,,4279,0.6153656269591302,0.0359357098210602,2863,1213,4378
Failed,,,,735,0.0989983828328549,0.7362284071110188,2076,4849,128
Failed,,,,1092,0.8647723751738667,0.0663988770507276,998,520,1006
Failed,,,,3932,0.3485269442070275,0.6429143563974647,3978,4312,4177
Failed,,,,2526,0.6251625798270106,0.2951740425806492,2290,2966,2963
Failed,,,,2498,0.1440180915612727,0.9955279503837228,2765,1593,2210
Failed,,,,1487,0.5073446072340012,0.5779322705566882,3282,2111,599
Failed,,,,3492,0.0218136703912168,0.1552893454041331,1862,3328,4845
Failed,,,,4898,0.985004973128438,0.7818854911271482,4412,4400,3641
Failed,,,,80,0.4721694927010685,0.4849081193245947,497,764,1813
Failed,,,,263,0.9440023372359572,0.6607156006842851,3083,2561,4727
Failed,,,,4762,0.4583502620216459,0.1153888277765363,1983,1354,404
Failed,,,,3668,0.5484681286849081,0.9465377784464508,4296,280,1696
Failed,,,,1357,0.0355120155122131,0.2773730195052921,691,3907,3446
Failed,,,,2317,0.6777386165373027,0.1647767751030623,179,4796,4372
Failed,,,,2661,0.1613701882790773,0.61860677084513,4719,1013,1123
Failed,,,,3755,0.8123191126845776,0.4442336655091494,1544,2360,2405
Failed,,,,1224,0.3310520732682198,0.7723980149552226,3589,3723,3081
Failed,,,,876,0.5627904490698129,0.4123048050329088,4661,1803,3287
Failed,,,,4111,0.081645248837769,0.8661955354046076,434,3011,1542
Failed,,,,3017,0.9271529510039836,0.1966906452495604,3296,4083,245
Failed,,,,1970,0.4109063321873545,0.5247937841825187,1564,456,4574
Failed,,,,1703,0.7978747597876936,0.9160707279331982,2392,837,2609
Failed,,,,3311,0.2850404560565948,0.3706833393666893,2554,4620,1939
Failed,,,,4405,0.6944661487136035,0.6911671849843115,1179,3274,652
Failed,,,,609,0.2089359126836061,0.0220635175853967,3846,1910,3906
Failed,,,,606,0.5650405488703399,0.8282341109905392,2887,3040,134
Failed,,,,4408,0.0793875349014997,0.3766527688093483,2100,1832,4385
Failed,,,,3315,0.9255043753627687,0.5604478875249624,4179,446,3167
Failed,,,,1700,0.4125472936928272,0.2346500025447458,887,4073,1342
Failed,,,,1972,0.7996451616007834,0.3403054863344878,140,4630,841
Failed,,,,3015,0.2832776683792471,0.8875151666030286,4992,847,4018
Failed,,,,4109,0.6923378750849514,0.0506208783499896,1270,1881,2809
Failed,,,,879,0.2110718004480004,0.7215432385820895,3627,3245,2059
Failed,,,,1225,0.941744623299688,0.0810823818463832,4387,1344,1808
Failed,,,,3752,0.460600361822173,0.6282308516018092,472,2551,3638
Failed,,,,2659,0.5501090901903807,0.3098594490513205,3257,3936,4852
Failed,,,,2319,0.0338634398709982,0.9808425439130514,1837,310,605
Failed,,,,1353,0.6759758288599551,0.5923709332998842,2275,984,2213
Failed,,,,3671,0.1631405900921672,0.1408506826609373,2750,4767,2968
Failed,,,,4764,0.814455000448972,0.7963260555453598,983,3733,4171
Failed,,,,260,0.3289237996395677,0.4704675549063831,3963,2369,1000
Failed,,,,83,0.8631316441744566,0.677220549514517,1529,4322,3085
Failed,,,,4895,0.3501752893421798,0.0988838789463043,3574,529,2408
Failed,,,,3488,0.6274200483858585,0.9630408218838274,164,1564,1116
Failed,,,,1489,0.141768237138167,0.2608699760679155,4704,2937,4367
Failed,,,,2496,0.5052089648470282,0.1815246624518185,4272,3357,3442
Failed,,,,2528,0.0239416986424475,0.6018588834963738,667,2140,1692
Failed,,,,3934,0.9867675302997232,0.4609796474650502,3058,754,410
Failed,,,,1090,0.4703993213940411,0.7556520329993218,1958,4390,4734
Failed,,,,734,0.7372388666849583,0.4290524544399231,1194,41,3900
Failed,,,,4281,0.2209924969635903,0.8494478859975934,3861,3834,646
Failed,,,,2874,0.754623299313709,0.2134363892637193,2407,2800,1942
Failed,,,,2140,0.2734778425507247,0.5080480401683599,2569,1427,2613
Failed,,,,1846,0.876826679488644,0.9325759147051722,3320,2277,4580
Failed,,,,3142,0.3912966776825487,0.3541781525947153,1588,3494,251
Failed,,,,4548,0.6135954556521028,0.70767046636343,4685,4878,1537
Failed,,,,440,0.1007609400041401,0.0055602362062782,458,1242,3284
Failed,,,,349,0.9068230812363328,0.2889941425137221,1879,3133,2517
Failed,,,,4678,0.4256626545917242,0.990008727164939,2981,1997,2002
Failed,,,,3272,0.5850390791855752,0.0728317091893404,744,883,706
Failed,,,,1755,0.0688076904993504,0.6481806475445628,4351,4600,3803
Failed,,,,2074,0.7033441185243428,0.7919681915789842,4781,4200,3380
Failed,,,,2902,0.1905250449236482,0.4943137881513685,244,326,1478
Failed,,,,4308,0.7870780259110033,0.5676128180716186,3494,1791,192
Failed,,,,667,0.3015325634684413,0.146120428610593,1452,3084,4676
Failed,,,,946,0.5376104984525591,0.536658700812608,381,2485,4270
Failed,,,,4039,0.0519431931078433,0.2389432058427482,4606,3622,1177
Failed,,,,2633,0.952941207120195,0.8229073185082524,1668,4736,2468
Failed,,,,2352,0.4400003203600645,0.4014755447059869,3397,1019,2988
Failed,,,,1477,0.8346286428738385,0.041389915458858,2649,190,4830
Failed,,,,3540,0.3182754410281777,0.7424657106231897,2484,4063,351
Failed,,,,4946,0.657347850413993,0.3204204700309783,3784,2596,1632
Failed,,,,70,0.1760655808672308,0.8957086737565695,1114,1303,3538
Failed,,,,214,0.6474109738599509,0.1904409724846482,3704,4507,546
Failed,,,,4771,0.1311807693056762,0.5193443410973995,1349,644,4947
Failed,,,,3677,0.8444427452068775,0.4187898021806031,4913,2109,3734
Failed,,,,1307,0.3632830268107354,0.8714096541069448,63,3392,1749
Failed,,,,2209,0.9742080031689256,0.7013043257631361,807,2816,1060
Failed,,,,2807,0.4886618361957371,0.0314147683922201,4102,1689,4074
Failed,,,,3901,0.516222816845402,0.9056839862670748,2177,575,2871
Failed,,,,1116,0.0034025628305971,0.3615816894471645,2967,4282,2273
Failed,,,,847,0.7658122597038745,0.9371216290295123,4042,1132,1283
Failed,,,,4179,0.2528701962474733,0.2672931632008403,1061,4996,3262
Failed,,,,3086,0.7247326515167951,0.6698816733304411,2673,3528,4480
Failed,,,,1941,0.2390646453592926,0.1257187608517706,2196,2245,75
Failed,,,,1576,0.5949750969186424,0.4497405120395123,1761,1552,2119
Failed,,,,3399,0.1136935393381863,0.7785826701391488,3177,2679,2712
Failed,,,,4493,0.8970079416260122,0.1595057288389652,552,3794,3921
Failed,,,,483,0.3806559276301413,0.612186315394938,4464,87,901
Failed,,,,522,0.7901515444871037,0.1297616828978061,1017,1955,2231
Failed,,,,4454,0.3083969791717827,0.583469019671902,3999,3172,2903
Failed,,,,3360,0.7179439514782279,0.4793560694400221,2230,4556,4199
Failed,,,,1615,0.2010884434618055,0.8073979978598654,2708,920,944
Failed,,,,1902,0.5862314377855509,0.633466573741287,3143,364,1873
Failed,,,,3125,0.0737623783461749,0.0880178556907922,1725,4156,3619
Failed,,,,4219,0.9193885197322816,0.9738936412315816,4508,3123,4906
Failed,,,,808,0.4342240038774907,0.304606699205935,595,1749,577
Failed,,,,1155,0.6698600475862622,0.8810707450285554,1394,3660,791
Failed,,,,3862,0.1848173448909073,0.3355609354358166,3749,2443,4041
Failed,,,,2768,0.8356458150073885,0.7263049361575394,30,1057,2749
Failed,,,,2249,0.3232985984701663,0.0570786097906529,4879,4693,2073
Failed,,,,1268,0.9673507443070412,0.3850711253322661,4135,4020,110
Failed,,,,3716,0.4506170791927724,0.8388396726194768,841,227,4435
Failed,,,,4810,0.5406154284626244,0.2240616173353046,2922,1261,3154
Failed,,,,175,0.0589826763067394,0.5520428111255168,2132,2634,1402
Failed,,,,31,0.5308155803270637,0.3450478446371853,4561,681,4552
Failed,,,,4986,0.0139607768412679,0.9217457658145576,337,4464,306
Failed,,,,3579,0.9772714780010284,0.0164037247058004,3431,3430,1520
Failed,,,,1437,0.4955180930998176,0.716817891255021,1701,2067,3349
Failed,,,,2391,0.8570191829316318,0.8566422701999545,2450,1647,3846
Failed,,,,2594,0.3718534829448908,0.4340597227644175,2615,2854,673
Failed,,,,4000,0.648609453883022,0.5030541411954909,1159,4239,1877
Failed,,,,984,0.1361396861951798,0.2062590922527015,3828,612,2632
Failed,,,,629,0.8980161295998841,0.5973427864126861,3025,4952,3503
Failed,,,,4347,0.3856682010963559,0.174821330519393,1922,1169,1678
Failed,,,,2941,0.6074829497952015,0.762338158769533,4316,2203,460
Failed,,,,2035,0.1224390592500567,0.4654824941679835,709,3567,4711
Failed,,,,1794,0.7277428887430578,0.1092305897027254,278,2718,3098
Failed,,,,3233,0.2461113132834434,0.6858673003669828,4816,1510,2348
Failed,,,,4639,0.7802298404369503,0.2522059893105179,1409,124,1140
Failed,,,,388,0.2634968761354684,0.9526808904893695,3451,3751,4316
Failed,,,,401,0.6972449188157916,0.7374831882398575,3905,1875,4770
Failed,,,,4587,0.2121860509533435,0.0342088559940457,1238,3002,364
Failed,,,,3181,0.8082541624382137,0.9029069096408784,2536,4116,1582
Failed,,,,1807,0.2959212075341492,0.3254162725377827,2373,409,3562
Failed,,,,2179,0.932412501707673,0.2497981006745249,1622,810,4256
Failed,,,,2836,0.4156950017604976,0.5458023335076868,3354,4673,1237
Failed,,,,4242,0.5755602144598961,0.3923490586876869,413,3206,2445
Failed,,,,773,0.0939132006708532,0.8120657335426658,4641,1923,3038
Failed,,,,1051,0.8251497335340827,0.4856613266970962,3530,2513,3408
Failed,,,,3973,0.3433808768428862,0.7816043490171432,1486,1387,1424
Failed,,,,2566,0.68293731549941,0.1564708423353731,4739,272,210
Failed,,,,2457,0.1660980023927986,0.576248251819983,199,3979,4611
Failed,,,,1528,0.5587865606229752,0.996706348495558,632,4810,2572
Failed,,,,3449,0.0463317925594747,0.29349310779199,4237,946,1974
Failed,,,,4855,0.9468420817684382,0.6436682831719517,2002,2412,770
Failed,,,,122,0.4616613710038364,0.066117030410096,3101,3695,3785
Failed,,,,298,0.9953817045111208,0.7716300644893199,516,492,2169
Failed,,,,4725,0.4830499411746859,0.444499079298228,4431,4366,2689
Failed,,,,3632,0.51012415622361,0.6174105122312902,1803,2899,3980
Failed,,,,1392,0.0250660040453076,0.1664451138507574,3222,1606,888
Failed,,,,2280,0.6379306257162242,0.2761779450234025,2785,2182,1306
Failed,,,,2698,0.1562828850895166,0.9482049181908369,2310,3319,3213
Failed,,,,3792,0.8700355600658805,0.1146182655282318,3920,4434,4494
Failed,,,,1186,0.3533168573975563,0.6609836411271243,940,717,15
Failed,,,,918,0.6205678374208509,0.0208225315008312,2055,3877,1041
Failed,,,,4070,0.1037273253109306,0.6929107151813804,2843,4,4139
Failed,,,,2976,0.8875276678390801,0.3699886693805456,920,1469,2843
Failed,,,,2011,0.4057580880280584,0.916293310349807,4212,2762,2328
Failed,,,,1661,0.7597135544680059,0.5241022167336195,4959,3456,481
Failed,,,,3354,0.2745335631053894,0.1969101400002837,106,2319,4965
Failed,,,,4447,0.745906397473067,0.8649538262002169,3672,1205,3679
Failed,,,,567,0.2334528246950358,0.4140490434784442,1315,4922,1778
Failed,,,,563,0.9591766758784652,0.5041000215578824,3270,917,3814
Failed,,,,4424,0.443417612703517,0.2091306847296655,1872,4546,734
Failed,,,,3330,0.5321981835737823,0.8537535310462117,4400,3196,2031
Failed,,,,1657,0.0515400333572179,0.433000532535836,508,1992,2527
Failed,,,,2015,0.6626838993877172,0.0096225263383239,1007,1728,4667
Failed,,,,2999,0.1766665947530418,0.7118618993759154,3970,3089,162
Failed,,,,4093,0.8282255385816097,0.3499866600967943,2299,4165,1449
Failed,,,,921,0.3149037201050668,0.928513684058562,2756,380,3370
Failed,,,,1200,0.5788188944663852,0.2571655503157526,4145,4722,2998
Failed,,,,3825,0.0653752330876886,0.9594661338664592,870,1093,2497
Failed,,,,2731,0.9122201046403496,0.1024586264491081,2854,2441,1206
Failed,,,,2293,0.4260809868462383,0.6809249157812445,2083,3646,4280
Failed,,,,1379,0.7817268044333904,0.759470611302182,1267,2640,3530
Failed,,,,3599,0.30094684105739,0.4644401829317212,3603,1279,1602
Failed,,,,4693,0.7097623878847807,0.5983984075151383,137,204,320
Failed,,,,285,0.1938814818076789,0.1777060246635228,4967,3989,4821
Failed,,,,155,0.719317665370181,0.9689531601797788,2401,2036,1720
Failed,,,,4869,0.2386607067212462,0.2978404465541243,2547,3407,3725
Failed,,,,3463,0.7720487452913075,0.6402499135844409,1188,4482,4938
Failed,,,,1562,0.2562903978005051,0.0929717060942202,3838,687,516
Failed,,,,2425,0.8906040695998818,0.4822426671180873,4649,600,2302
Failed,,,,2553,0.377281524285674,0.8084593295641243,444,4239,2881
Failed,,,,3960,0.6003140662554651,0.1287174681276082,3285,2889,4085
Failed,,,,1019,0.114295558899641,0.5805957616027445,1574,1674,1088
Failed,,,,749,0.8498425662852823,0.2230043306406587,191,3583,45
Failed,,,,4238,0.363702249487862,0.5491597825735807,4708,2212,4472
Failed,,,,2831,0.6411896607764064,0.3879408142752945,1556,1136,3254
Failed,,,,2156,0.1277452762778848,0.8398798423800617,3578,4932,1253
Failed,,,,1830,0.5226419803462922,0.7330747579354792,3073,3789,930
Failed,,,,3184,0.0067617936711758,0.0620231358520686,1991,150,3931
Failed,,,,4591,0.9688537497930227,0.8761128496155142,4286,1499,2722
Failed,,,,424,0.4880749817024916,0.3287740264665335,699,2713,2148
Failed,,,,352,0.5516104124244302,0.1135778726972639,1651,412,1353
Failed,,,,4623,0.0381810424216091,0.658114175254479,3364,4127,3195
Failed,,,,3217,0.9394218053426592,0.2790607207622379,365,2976,4414
Failed,,,,1759,0.4532664926387369,0.9492624576985836,4572,1837,144
Failed,,,,2070,0.8169756651055067,0.624197703756392,3758,1945,2050
Failed,,,,2956,0.3361814103536308,0.17140272670798,1111,3240,2779
Failed,,,,4363,0.6745200706105678,0.7666857317555695,2623,4664,3988
Failed,,,,664,0.1586553594432771,0.4377290641926229,2481,793,832
Failed,,,,1010,0.9239877616539596,0.8599997824691235,778,3951,616
Failed,,,,4007,0.4082448636461049,0.4072658969629556,4364,236,4880
Failed,,,,2601,0.5673786508664488,0.5308681868296116,1913,1388,3666
Failed,,,,2417,0.0867062390167266,0.2018509036079049,2994,2527,1819
Failed,,,,1412,0.6898323754966259,0.372862180262804,3501,3689,990
Failed,,,,3573,0.2037989056948572,0.9173372723069042,1476,2394,4142
Failed,,,,4980,0.801085747346282,0.0197614228669554,4788,969,2938
Failed,,,,6,0.2877781905028968,0.6900238944329321,267,4839,2203
Failed,,,,181,0.7523014944680035,0.3972917258292436,2677,1637,4337
Failed,,,,4836,0.2661468862947076,0.8188374142404645,2222,2923,1107
Failed,,,,3742,0.7387375139333306,0.2430130506251007,4047,4346,2399
Failed,,,,1275,0.2253093243446201,0.5408425791747868,1086,485,3055
Failed,,,,2243,0.6121426140479743,0.9000219924263656,584,730,4763
Failed,,,,2743,0.0962767187487334,0.3243608745057136,4480,4435,420
Failed,,,,3836,0.8793465726934373,0.7385252466630191,1793,3284,1702
Failed,,,,1149,0.3985516096930951,0.0370766562744975,3193,2155,3471
Failed,,,,792,0.6297570257354527,0.644727726213634,4890,2747,2584
Failed,,,,4183,0.1490839019194245,0.069005516750738,58,1462,1932
Failed,,,,3089,0.8616178318578749,0.9938349790889768,3682,36,636
Failed,,,,1886,0.3458737460002302,0.2924470043592155,1344,3897,3871
Failed,,,,1631,0.9882050878647713,0.1497027307637035,2163,4884,3312
Failed,,,,3395,0.474898707717657,0.5713096296880394,2930,1179,1548
Failed,,,,4489,0.5027043631169945,0.4906170360203832,793,2330,262
Failed,,,,537,0.0166715941280126,0.7883858299404382,4065,3459,4609
Failed,,,,498,0.6833878888599574,0.4540725630447268,13,4092,3591
Failed,,,,4528,0.171527266902849,0.7508143130373209,4846,453,1591
Failed,,,,3434,0.8216238839887082,0.1863452357370406,1378,1801,373
Failed,,,,1592,0.3370672999899834,0.6087526580505072,3716,3016,4800
Failed,,,,1925,0.9501698466725648,0.9639613218195736,2897,3280,3009
Failed,,,,3050,0.4680509683843702,0.2638593348357826,2129,1909,2435
Failed,,,,4144,0.5582901853360235,0.6742140143271536,4110,834,1226
Failed,,,,831,0.0410699182059615,0.0979500988870859,837,4629,4228
Failed,,,,1110,0.8078187615815549,0.7046770625859498,2265,278,4642
Failed,,,,3876,0.2904766515493392,0.0046361671444028,2720,3916,219
Failed,,,,2782,0.7007556032929569,0.9335132638905196,1052,2566,1432
Failed,,,,2204,0.2185149118453264,0.3571887327916919,4012,1352,3438
Failed,,,,1314,0.5722171655166894,0.218270540099591,4514,2358,3756
Failed,,,,3703,0.0875387683585286,0.51495107957907,619,3729,760
Failed,,,,4797,0.9329241684693844,0.4221627248954027,3150,4805,1964
Failed,,,,220,0.4209417036101222,0.8446308818385005,1750,1010,2543
Failed,,,,45,0.8840028276871889,0.0536257479451596,4320,2962,877
Failed,,,,4940,0.3994474278204143,0.7224786842335015,735,1601,3952
Failed,,,,3534,0.6210157320778817,0.3393871278744191,3029,526,2660
Failed,,,,1451,0.1091558183692395,0.8845236663594842,1949,4311,2159
Failed,,,,2378,0.7454129351135343,0.5556251727640628,1441,4400,24
Failed,,,,2639,0.2281919634528458,0.2277583694662898,3466,770,4524
Failed,,,,4046,0.7630405442025512,0.8351428610030561,311,2119,3242
Failed,,,,971,0.2809204855002462,0.3814888231791556,4831,3324,1316
Failed,,,,702,0.5136337049007415,0.8032141194976866,3409,1426,2318
Failed,,,,4324,0.0313918367568403,0.4752862246576696,1696,2787,2814
Failed,,,,2918,0.9949490938931704,0.5875389239396899,4539,3862,4110
Failed,,,,2109,0.4776062830481678,0.1339455017745494,331,77,1031
Failed,,,,1719,0.8705441874936222,0.3089199583902955,1144,1220,1786
Failed,,,,3256,0.3585624346006661,0.9778341051917522,3792,4849,3709
Failed,,,,4662,0.6345884634777904,0.0840774512160569,2436,3499,4996
Failed,,,,313,0.1499112541694194,0.629153255071491,2579,2294,490
Failed,,,,463,0.8430538662467151,0.9125889440830796,4752,4581,974
Failed,,,,4551,0.3257260475903749,0.3664139218777417,234,876,4209
Failed,,,,3145,0.6655289455596357,0.6964854031987489,3543,2028,2912
Failed,,,,1869,0.1832720592021942,0.0245269572529941,1521,3157,2261
Failed,,,,2117,0.5450225584525615,0.4178676812667399,2025,3050,548
Failed,,,,2870,0.0603298699185252,0.8684143021814525,3108,1764,4896
Failed,,,,4277,0.9601100906599312,0.1934496045336127,655,339,3609
Failed,,,,711,0.4481438207104802,0.5202836384307593,4243,4200,1845
Failed,,,,1057,0.7105207351706923,0.1624970357548445,2502,1052,2102
Failed,,,,3921,0.1986762783806771,0.6131048671826719,2357,4757,2759
Failed,,,,2515,0.7944978190176188,0.4488047838322818,3871,3606,4050
Failed,,,,2464,0.3099269733857363,0.7755780830997973,1222,2477,820
Failed,,,,1522,0.9149966812171042,0.6650458717737346,411,1315,1374
Failed,,,,3502,0.4328616377618164,0.1188097580261528,4616,2600,3143
Failed,,,,4908,0.5934568073935806,0.9440134851783512,1619,4024,4424
Failed,,,,116,0.0762508018966764,0.2721156548913568,3329,163,82
Failed,,,,246,0.6031491653472185,0.5646025204304606,915,3367,3338
Failed,,,,4732,0.1208930058274418,0.1451827968694269,4189,2072,1491
Failed,,,,3638,0.9054251865148544,0.7928924539685249,2050,646,277
Failed,,,,1340,0.3880985705796629,0.4973069986011832,2820,4517,4542
Failed,,,,2333,0.7729884079024195,0.0776484902780503,3636,4273,2641
Failed,,,,2692,0.2610209463853389,0.6550706001594662,1301,559,1907
Failed,,,,3786,0.732152927942574,0.282090850289911,4923,1710,703
Failed,,,,1239,0.247459523724392,0.985174829142168,93,2849,3854
Failed,,,,882,0.9816205464880912,0.3135269482899457,1829,2248,4700
Failed,,,,4132,0.4970489814542233,0.8908878476582468,3227,3543,431
Failed,,,,3038,0.523391231937334,0.0462278584912419,542,4966,1650
Failed,,,,1976,0.0115455798618495,0.7493725719731301,4435,1096,3492
Failed,,,,1696,0.6558357139136642,0.8238409052398055,3935,110,4326
Failed,,,,3291,0.1386309074200689,0.4044822732210159,972,3824,1169
Failed,,,,4385,0.8526243088003248,0.5336690594889224,2800,2673,2378
Failed,,,,602,0.370489988464862,0.2380229884628206,2342,1534,3108
Failed,,,,594,0.8546043642424047,0.3651828810144215,4258,385,443
Failed,,,,4391,0.3684490496795624,0.909407597001642,650,4178,4688
Failed,,,,3297,0.6539784382693469,0.0277081686332821,3122,3106,3485
Failed,,,,1688,0.140549066407606,0.6977165797632187,2020,1732,1657
Failed,,,,1984,0.5254312338270247,0.8676999629642814,1506,1977,1162
Failed,,,,3032,0.009566520800814,0.4152051475644111,3549,3194,4333
Failed,,,,4126,0.9797014208622276,0.5229462446309626,220,4539,3120
Failed,,,,891,0.4989071642514318,0.1941638712529092,4757,903,2366
Failed,,,,1247,0.7301729059610516,0.6162585126403719,3333,4002,1503
Failed,,,,3780,0.2495004885345697,0.1637024867273867,1604,210,3326
Failed,,,,2686,0.7748456575218589,0.7743727046251297,4620,1283,4534
Failed,,,,2341,0.2591027539372444,0.4456510658767074,395,2656,285
Failed,,,,1331,0.9033852180857213,0.1215076074879616,1217,3643,1899
Failed,,,,3644,0.3900776556655764,0.665793415017426,3887,2426,2649
Failed,,,,4738,0.6050682649482042,0.2713679759465157,2353,1078,3867
Failed,,,,238,0.1190347895696759,0.9413157714176922,2517,4715,691
Failed,,,,105,0.5915983699243516,0.1420319342147559,88,1669,2766
Failed,,,,4922,0.0781701821945607,0.5634019007906317,4938,2876,2095
Failed,,,,3515,0.9169759912323207,0.4985076907388866,1297,4222,808
Failed,,,,1511,0.4308213849179446,0.7960432441253213,3651,595,4062
Failed,,,,2475,0.7925794351007788,0.652377645233646,2824,703,3131
Failed,,,,2501,0.3117844739593565,0.0769036666341125,2035,4486,1386
Failed,,,,3907,0.712561895167455,0.985919517084956,4194,3413,89
Failed,,,,1068,0.196696001727134,0.2847839409168809,899,2050,4417
Failed,,,,721,0.9619685541540384,0.8921237830575555,2328,2700,4216
Failed,,,,4263,0.4462244738731533,0.316711014971137,2806,1493,967
Failed,,,,2857,0.5430432149767875,0.746188369590789,958,146,2249
Failed,,,,2128,0.0623700967375189,0.0449920587930828,3941,3773,2925
Failed,,,,1858,0.6674473555013537,0.4051993952412158,4449,4935,4883
Failed,,,,3159,0.1814145920891314,0.8265082702748477,536,1152,561
Failed,,,,4565,0.8410126727893948,0.2353556959256529,3241,2225,1852
Failed,,,,452,0.32770629821904,0.532951864970848,1823,3589,3602
Failed,,,,327,0.6325484653059393,0.7515619938410819,822,788,2826
Failed,,,,4651,0.1518903095126152,0.4567702823821455,4115,4651,2305
Failed,,,,3245,0.8724633168373256,0.6060548067297786,2114,3223,1024
Failed,,,,1733,0.356704248085618,0.1855976869165897,2901,1940,4118
Failed,,,,2095,0.9929690421689302,0.2650647077336907,3731,1853,3701
Failed,,,,2929,0.4796472181156277,0.9671150379162282,1373,2979,1794
Failed,,,,4335,0.5154909842628985,0.0947964590061455,4861,4133,503
Failed,,,,689,0.0294736740514636,0.6730085652135313,9,426,4983
Failed,,,,958,0.7650805163495242,0.0019735628031194,1744,4827,3964
Failed,,,,4057,0.278941396696493,0.7039628014434129,3163,964,865
Failed,,,,2650,0.7434938392303883,0.3579030701499432,614,2389,2152
Failed,,,,2364,0.2300501759927719,0.9361757920160888,4528,3672,2667
Failed,,,,1465,0.6229957577772438,0.5117698626220226,4018,2530,4517
Failed,,,,3523,0.1071148498412221,0.2170393616762012,1038,1404,31
Failed,,,,4929,0.8821455817855894,0.8458619282785803,2726,250,1328
Failed,,,,58,0.401365616550669,0.4253440738357603,2251,3958,3230
Failed,,,,226,0.9348425486683845,0.7251459711939096,4836,2160,227
Failed,,,,4789,0.4190842067543417,0.0543429406043142,297,3297,4634
Failed,,,,3695,0.5701760018020868,0.8838065499160439,3472,4451,3425
Failed,,,,1320,0.0895190487299114,0.3367197646982967,1427,734,1445
Failed,,,,2197,0.7026140370443463,0.2309425737075507,1943,470,748
Failed,,,,2790,0.2165955352652818,0.5568609780389816,3043,4344,3769
Failed,,,,3884,0.8058394478484988,0.3802528859209269,730,2916,2550
Failed,,,,1104,0.2925169081110507,0.8319587887451053,4334,1623,1956
Failed,,,,825,0.5563717716764658,0.474541531138122,2594,3473,1598
Failed,,,,4152,0.042927389036864,0.8005210270117968,2432,2336,3584
Failed,,,,3059,0.9522110364120454,0.1366384622771292,3808,1183,4788
Failed,,,,1919,0.4660707214735448,0.5882837494425475,1140,4900,385
Failed,,,,1598,0.8197654167767614,0.9766334149129688,316,3894,2423
Failed,,,,3426,0.33898665054515,0.3057691738102585,4543,21,3021
Failed,,,,4520,0.6853672286178916,0.6323041158672422,1680,1447,4235
Failed,,,,504,0.1694870438016951,0.0852780652791261,3413,2740,1219
Failed,,,,543,0.500846890427172,0.6573960122391581,2466,4613,1920
Failed,,,,4480,0.0185900096464902,0.1109115486573427,2628,830,2596
Failed,,,,3387,0.9901853329166768,0.9519288876969368,1096,1903,3878
Failed,,,,1637,0.4728575198370963,0.2797787778191268,3763,3267,629
Failed,,,,1880,0.8596984794437885,0.1701678917892277,4587,3023,1555
Failed,,,,3098,0.347732215071097,0.6210125365946441,360,1816,3305
Failed,,,,4191,0.6317972469776869,0.440914069628343,3379,468,4597
Failed,,,,786,0.1471045640204101,0.7679207284003496,1647,4095,273
Failed,,,,1143,0.8812040714081377,0.4099599523693323,262,1006,1095
Failed,,,,3845,0.396633227635175,0.8607435056325047,4802,4788,4349
Failed,,,,2751,0.6101623355355112,0.2011070187184959,1470,3716,3063
Failed,,,,2237,0.0983178806044161,0.5281742931492626,3515,2352,2391
Failed,,,,1281,0.7406568923722952,0.9204870939664542,3000,1366,428
Failed,,,,3734,0.2234508887343108,0.3740638408977538,1900,2574,4755
Failed,,,,4828,0.7502612397652119,0.6888223397564142,4369,3919,3459
Failed,,,,187,0.2681261981688439,0.0166114952489733,764,292,1714
Failed,,,,19,0.8030648380089551,0.8161406652592123,3199,3340,4873
Failed,,,,4969,0.285738216497004,0.3965430821049958,1778,2123,623
Failed,,,,3562,0.6879741648156195,0.5415910611730069,4485,776,1831
Failed,,,,1425,0.2057179997190833,0.2457099613323807,570,4412,3654
Failed,,,,2403,0.5694196212533861,0.3212061880528926,1081,4305,4154
Failed,,,,2612,0.0847262114584445,0.8988175824489444,4061,512,978
Failed,,,,4018,0.9220695747826247,0.0382811722103506,2216,1586,2196
Failed,,,,997,0.4101021076887845,0.7416798271574079,2691,2959,2945
Failed,,,,650,0.6725410134084522,0.069718814972788,4081,2299,3188
Failed,,,,4374,0.160695359474048,0.6473913009110837,789,3516,1360
Failed,,,,2967,0.818833849761635,0.2897835356201976,2946,4862,157
Failed,,,,2056,0.3342622828688472,0.9931215749084948,2159,1225,4401
Failed,,,,1772,0.9373808684162795,0.5725417710319161,1329,63,2792
Failed,,,,3206,0.455246546221897,0.1528829773645848,3686,3856,2037
Failed,,,,4612,0.5535285732708871,0.7852054216135294,42,2783,824
Failed,,,,366,0.036323764918372,0.4893850564025342,4894,1410,3995
Failed,,,,413,0.9707730984892696,0.2103322375472634,2771,4217,4459
Failed,,,,4604,0.4862165163494646,0.5072499435991049,2294,344,57
Failed,,,,3198,0.5206017553862184,0.4298507127352058,3984,1769,1261
Failed,,,,1819,0.0087411352880299,0.8525518759880215,1002,3062,3246
Failed,,,,2167,0.6430471297483891,0.712605789842084,494,3150,3938
Failed,,,,2818,0.125826864477247,0.0123164218775928,4405,2014,922
Failed,,,,4224,0.847862317515537,0.9258196230754256,1858,861,2136
Failed,,,,760,0.3657434410862624,0.3492429350744932,3275,4578,2735
Failed,,,,1030,0.5983946840986609,0.9562811265718192,4972,168,3713
Failed,,,,3946,0.11615399822779,0.255930548094213,121,4041,1732
Failed,,,,2540,0.8926443205848336,0.6821597525589168,3607,2613,523
Failed,,,,2436,0.3753022161293774,0.1056437991876155,1252,1320,4931
Failed,,,,1551,0.7701912428587674,0.4617737585101276,2079,2463,2888
Failed,,,,3476,0.2582087835762649,0.7587525561042129,2869,3600,2295
Failed,,,,4882,0.7212979401648044,0.1784241821020841,866,4753,1076
Failed,,,,144,0.2366195485834032,0.6010647296961396,4161,1037,4097
Failed,,,,277,0.7077214212156832,0.3010208604577928,1570,2833,2490
Failed,,,,4699,0.1958615056481212,0.9701851416565476,3300,1706,3006
Failed,,,,3605,0.7836449950225651,0.0917395591735839,439,553,4292
Failed,,,,1371,0.2990895932968705,0.6370696651246399,4665,4260,1193
Failed,,,,2302,0.9102410176955164,0.8111227964442222,3843,4524,1615
Failed,,,,2725,0.4281209571342915,0.4829560657218098,1173,661,3517
Failed,,,,3819,0.5806771088652312,0.5798824652396142,2551,2087,4813
Failed,,,,1208,0.0634561353456228,0.126053899006918,2386,3370,328
Failed,,,,930,0.8302664792258291,0.5479552722144871,685,1531,727
Failed,,,,4087,0.3129236628040671,0.2198497520051896,4292,2657,3821
Failed,,,,2993,0.6607657422591001,0.843034523256123,1977,3811,2539
Failed,,,,2023,0.1785238685384392,0.3891452223937958,3079,104,2019
Failed,,,,1649,0.5341772444937378,0.0612746519949287,3592,1110,174
Failed,,,,3336,0.0495000296086072,0.7303778416514397,1550,4973,4655
Failed,,,,4430,0.9573184949401766,0.3314707773067057,4722,3546,3364
Failed,,,,555,0.4453367364704609,0.8768614989165217,185,2263,1456
Failed,,,,581,0.7478257759120314,0.0334908175263553,4637,3258,4127
Failed,,,,4437,0.2315943890847265,0.7348167470879852,429,1887,1054
Failed,,,,3343,0.7576732997652142,0.3280825779885053,3350,851,2335
Failed,,,,1674,0.2765128749795258,0.9036250838097184,1637,4646,2835
Failed,,,,1998,0.8893851665537804,0.5445673777591435,2377,4070,4973
Failed,,,,2987,0.4038397059701382,0.2466130469068884,2520,431,474
Failed,,,,4081,0.618587558908388,0.8152508598081767,1242,1818,1765
Failed,,,,904,0.1057684871666133,0.3935839419383555,3890,3033,3691
Failed,,,,1173,0.8681162076517939,0.7842982910294086,3087,2375,2677
Failed,,,,3803,0.355175326468423,0.4864051706902682,2007,3746,2181
Failed,,,,2709,0.6399708469584584,0.5755044803246855,4222,4783,895
Failed,,,,2266,0.1543035471905022,0.1537768278252333,637,988,3973
Failed,,,,1406,0.5082666835337876,0.2966430465634912,213,294,3220
Failed,,,,3621,0.0269844195637851,0.9979078845828772,4733,3933,1299
Failed,,,,4714,0.9973619495630264,0.064915358621627,1500,2545,3
Failed,,,,312,0.4810087532941251,0.6405184801016002,3525,1330,4506
Failed,,,,128,0.9448011448420583,0.4418022094871849,954,4378,1416
Failed,,,,4847,0.4636414245869964,0.7708815341591834,3914,749,3415
Failed,,,,3441,0.560704721469432,0.1671937166787683,2324,2136,4624
Failed,,,,1535,0.0444745150562375,0.620107309544459,2779,3340,198
Failed,,,,2451,0.6809582582972943,0.9450503562856464,3208,2940,1986
Failed,,,,2575,0.1681380024235695,0.2749734179340302,1808,1579,2559
Failed,,,,3981,0.827007918190211,0.6621880325153469,4417,543,3778
Failed,,,,1045,0.3414617493581026,0.1177729631345719,522,4329,778
Failed,,,,767,0.5776011848468333,0.6936241305153817,1319,1237,357
Failed,,,,4250,0.0919331731125712,0.0234859816506505,3657,4866,4777
Failed,,,,2844,0.930494314836338,0.913629724498838,111,3477,3574
Failed,,,,2173,0.4175522458031773,0.3692753897476941,4944,2272,1570
Failed,,,,1813,0.8102332531008868,0.198142167950049,4208,1443,1249
Failed,,,,3172,0.2938812335282564,0.5272825841642916,935,2804,4244
Failed,,,,4579,0.6953867081347853,0.4108687485456466,2838,3840,3031
Failed,,,,407,0.2141051449775695,0.8637217257525772,2070,55,2452
Failed,,,,379,0.7783723380044103,0.5846706933192908,601,3072,1666
Failed,,,,4645,0.2654152619112282,0.1329114915449172,4494,1786,3515
Failed,,,,3239,0.729723163537681,0.8042480572294443,1731,322,4718
Failed,,,,1786,0.2440701551456004,0.4781545277759433,3129,4183,453
Failed,,,,2043,0.6055635676383972,0.0887616216093301,2702,4603,2355
Failed,,,,2935,0.1242974985782057,0.6361605863925069,2244,898,3091
Failed,,,,4341,0.900056380584836,0.3019127627704292,3994,2010,4305
Failed,,,,637,0.3836888929400593,0.9731497990973292,1031,3140,1152
Failed,,,,993,0.6504669228550046,0.3323758110292255,2147,1298,294
Failed,,,,3994,0.1342212743945419,0.8798358673546463,2917,2583,4565
Failed,,,,2588,0.8550389341618865,0.0583135636802762,856,4046,3356
Failed,,,,2399,0.3738946745432913,0.7294899843484162,4131,185,1512
Failed,,,,1429,0.979190826697275,0.8361733615919947,4864,1035,681
Failed,,,,3585,0.4936596277467906,0.3843529493045061,34,4740,3838
Failed,,,,4992,0.5287753553669899,0.5527608551699668,3734,3628,2620
Failed,,,,23,0.015940118458122,0.2267280603460967,1399,2499,1890
Failed,,,,164,0.5425944893825799,0.9249260551705956,3813,4295,4033
Failed,,,,4824,0.0569426725581288,0.3462799432259052,1163,581,798
Failed,,,,3730,0.9654925633687524,0.7155858688820153,2599,1693,2085
Failed,,,,1257,0.4525362029597163,0.0132233591340482,2454,2832,2737
Failed,,,,2260,0.8376867556516081,0.4367233104743063,1717,3389,4447
Failed,,,,2755,0.3213185411691665,0.8573555554095655,3427,2094,99
Failed,,,,3848,0.667941890457645,0.2055456750597804,352,629,1395
Failed,,,,1166,0.1866746186763048,0.500390685468912,4557,4500,3160
Failed,,,,819,0.917409432787448,0.1736169335544109,3446,92,2895
Failed,,,,4205,0.4362639741655439,0.5941880869474261,1423,3807,2239
Failed,,,,3111,0.588089652184397,0.4686370616499334,4811,2695,957
Failed,,,,1913,0.0718432806041091,0.7635426877178251,292,1557,4187
Failed,,,,1604,0.7159029848091303,0.6851186993978917,714,2231,3632
Failed,,,,3374,0.2030684673022478,0.1065337979663163,4302,3526,1861
Failed,,,,4468,0.7920697350762784,0.9553777584414928,1928,4988,569
Failed,,,,511,0.3065397314112633,0.2529545140638947,3010,1117,4914
Failed,,,,472,0.894967973196879,0.9887775617539882,1458,1745,3275
Failed,,,,4507,0.3826350127160549,0.2858129125442355,3480,3107,1271
Failed,,,,3413,0.596894196519628,0.6513619834724814,249,4143,67
Failed,,,,1565,0.1118353230804204,0.0740627686418592,4767,358,4488
Failed,,,,1952,0.7227526295352728,0.4935995697639882,4345,934,2705
Failed,,,,3072,0.2411056101694702,0.789305544482544,758,4563,2127
Failed,,,,4166,0.7676695093233137,0.1487829139810055,2975,3175,913
Failed,,,,858,0.2509520037993788,0.5683271981850266,1893,1970,3908
Failed,,,,1127,0.5182628187350928,0.2420969646945595,1129,2618,4959
Failed,,,,3887,0.0014235037695616,0.5378640309553592,3780,1257,534
Failed,,,,2794,0.972288877543062,0.4002700528372079,2499,221,1742
Failed,,,,2220,0.4905200189929455,0.8197537213824689,2644,4006,3741
Failed,,,,1296,0.8464228006489574,0.7451634429730474,3382,4700,4067
Failed,,,,3691,0.3612420880254357,0.0421375832501798,1672,1071,1067
Failed,,,,4784,0.6455536982156335,0.8949611119236796,4591,2458,2285
Failed,,,,203,0.1330989282932132,0.3177226317226886,385,3663,2859
Failed,,,,62,0.659266260355711,0.5161935992725193,2951,617,1184
Failed,,,,4952,0.1742081137541681,0.189240239450708,2181,4256,4262
Failed,,,,3546,0.8325874494165181,0.8726102254148572,4087,2867,2976
Failed,,,,1468,0.3202556916568428,0.4219407057315111,811,1652,2481
Failed,,,,2360,0.954799670614302,0.0287216889187693,78,2053,338
Failed,,,,2627,0.4380809735227376,0.7005596192311495,4909,3424,4842
Failed,,,,4033,0.5356311549767852,0.362326501937583,1365,4461,3546
Failed,,,,954,0.053983419926837,0.9083769597820937,3700,665,1625
Failed,,,,676,0.7851596419941634,0.268528981488198,4459,3768,2009
Failed,,,,4302,0.3033900640420615,0.9403058202583344,566,129,2510
Failed,,,,2896,0.7053852785211056,0.1225346755813807,3172,1515,3791
Failed,,,,2082,0.1885447682701051,0.6686457490846514,1775,2730,718
Failed,,,,1746,0.583180641716346,0.77929990555346,2201,3560,1466
Failed,,,,3278,0.0707270707972347,0.4524077562447637,2659,2190,3392
Failed,,,,4684,0.9088023912515492,0.6095189094636589,1066,1154,4683
Failed,,,,340,0.4236224017478525,0.1587886551506817,4028,4949,185
Failed,,,,446,0.615575481351465,0.3774003287833184,3623,1928,657
Failed,,,,4539,0.0987199714761227,0.8309319437220692,1286,3223,3888
Failed,,,,3133,0.8749694335870444,0.2319522720538079,4988,4686,2606
Failed,,,,1852,0.3932148664128035,0.5597002253104,156,815,1949
Failed,,,,2134,0.7566632714606821,0.8887206640485674,891,395,244
Failed,,,,2883,0.2714987537469714,0.3434590853191912,4163,4110,4588
Failed,,,,4289,0.7353197708018124,0.7183894741535187,2104,2998,3296
Failed,,,,728,0.2228507095035165,0.0494155463483184,2872,1859,1525
Failed,,,,1084,0.9847874785754828,0.6255683643724769,3949,3711,2420
Failed,,,,3942,0.4724402564615011,0.0803679961562156,989,2416,3072
Failed,,,,2536,0.5070662442091852,0.9815567641593516,2736,952,4359
Failed,,,,2490,0.0220235359370708,0.3125221017245203,2280,4823,1124
Failed,,,,1495,0.6253800502140074,0.1376693523097783,1851,3973,1684
Failed,,,,3480,0.1437472924813628,0.5911398757062852,3252,259,3450
Failed,,,,4886,0.86505077351816,0.4716987147405743,487,1371,4746
Failed,,,,89,0.3483171028271317,0.7995072836559266,4382,2510,397
Failed,,,,273,0.8125965332370251,0.1015512904543429,1972,713,3645
Failed,,,,4753,0.3308431501947343,0.6779376250617206,3053,4417,1801
Failed,,,,3660,0.6779551686178892,0.2601527350768446,681,3306,593
Failed,,,,1367,0.1611003669910132,0.9603735758196562,4266,2177,4863
Failed,,,,2305,0.548190676530823,0.6050429669078439,4690,1620,2956
Failed,,,,2670,0.0357209107019007,0.1827605811208486,170,2906,2225
Failed,,,,3763,0.9437858130391688,0.7544162165708839,3560,4368,1007
Failed,,,,1212,0.4586201149113476,0.4577954618129879,1535,507,4164
Failed,,,,865,0.6941963088363408,0.8487030790839343,463,4906,4393
Failed,,,,4120,0.2091524238679557,0.4263594827838241,4670,1201,126
Failed,,,,3026,0.7976658478677273,0.510741114065051,1593,2313,1330
Failed,,,,1959,0.2853179249409586,0.214181093936786,3305,3442,3179
Failed,,,,1714,0.927422755561769,0.352977579427883,2565,2769,4005
Failed,,,,3304,0.4106897968370467,0.9294250055775046,2422,1484,853
Failed,,,,4397,0.5629993851557374,0.0087109798900783,3856,19,2067
Failed,,,,620,0.0813678152728825,0.7088712049741298,1209,3880,2802
Failed,,,,621,0.9264724497050046,0.0720905550532043,354,4762,4855
Failed,,,,4403,0.4135303713772445,0.6493900673110037,4584,1047,591
Failed,,,,3310,0.5660294133722781,0.2877694219779223,1646,2472,1805
Failed,,,,1715,0.0803614220861345,0.9907347255274652,3370,3611,3652
Failed,,,,1958,0.6913681593164802,0.5663853221684693,2636,2604,4166
Failed,,,,3021,0.2100866166073828,0.1468415733333676,2467,1309,1014
Failed,,,,4114,0.7986581653133034,0.791231716344133,3766,159,2218
Failed,,,,864,0.2823061364460736,0.4955261580236255,1102,4030,2953
Failed,,,,1220,0.5491333087664096,0.8216950025446713,1901,872,3181
Failed,,,,3767,0.0329031190834939,0.4022119883392006,3008,4586,1338
Failed,,,,2673,0.94077868671529,0.5359375021811574,770,3161,120
Failed,,,,2314,0.4596189534477889,0.2401707333475351,4373,2022,4389
Failed,,,,1358,0.8154322374071926,0.3196944883987307,4798,1758,2794
Failed,,,,3656,0.3298860555626452,0.8969333849977702,256,3054,2064
Failed,,,,4750,0.6769400682505219,0.0401804789621382,3507,4206,856
Failed,,,,264,0.1641198291070759,0.7432068740539252,1469,335,4012
Failed,,,,98,0.6283994379732757,0.4200140059366821,4055,3537,1947
Failed,,,,4889,0.1427321474999189,0.8706841799598187,1077,2252,2599
Failed,,,,3483,0.8640937532428651,0.1911816916335374,2690,1101,3895
Failed,,,,1504,0.3511528516113758,0.5181353488825262,2208,4962,660
Failed,,,,2482,0.9857862724978476,0.9064199224151672,1787,3820,1534
Failed,,,,2532,0.469433055780828,0.3603698809687048,3200,115,3298
Failed,,,,3939,0.504248497204855,0.7025314089860766,574,1539,4584
Failed,,,,1076,0.0229662425294518,0.0306940140426158,4491,2668,237
Failed,,,,729,0.7536514383517205,0.6706024295389652,3687,2076,1132
Failed,,,,4295,0.2724909968357533,0.1244916534628719,1338,3361,4361
Failed,,,,2889,0.736254008155316,0.9383334356490522,4901,4513,3070
Failed,,,,2135,0.2200226343404501,0.2665572512187063,46,652,2414
Failed,,,,1851,0.6145690138079226,0.1607147600911557,785,564,396
Failed,,,,3127,0.1017499550785869,0.6114455497730523,4075,4269,4738
Failed,,,,4534,0.8778100824840366,0.4504659471493214,2150,2844,3457
Failed,,,,445,0.3922646051701158,0.7773585128560662,2944,1715,1687
Failed,,,,334,0.5840711200963706,0.561672557869926,4414,3910,2473
Failed,,,,4683,0.0678247355036437,0.2339240692444145,495,281,2974
Failed,,,,3277,0.9058343319874256,0.8289753153175115,3279,1358,4265
Failed,,,,1741,0.4246888900958001,0.3754432839807123,1864,2563,1191
Failed,,,,2088,0.788047856932506,0.0513573033940047,2287,3725,1627
Failed,,,,2897,0.3025178699977695,0.7203309337720275,2767,2363,3554
Failed,,,,4303,0.7043312300648539,0.3415330324284732,1001,1014,4836
Failed,,,,682,0.1914966995455324,0.886793956818059,3975,4800,335
Failed,,,,950,0.9539168658554554,0.310580701591447,2865,457,720
Failed,,,,4025,0.4409605258945375,0.9796149476282298,2073,4086,3799
Failed,,,,2619,0.5385763123482465,0.0822946439012885,4152,3012,2503
Failed,,,,2357,0.0529244862291961,0.6274944767486303,864,1807,2006
Failed,,,,1471,0.6563704907670616,0.7975355459507554,123,1914,177
Failed,,,,3555,0.1751032096911221,0.4697263226956129,4980,3275,4682
Failed,,,,4961,0.8336642807945608,0.5930968610234558,1258,4624,3395
Failed,,,,65,0.3172960867602377,0.1396260401997715,3611,838,1473
Failed,,,,199,0.843463240366429,0.962300156643614,1181,2792,4486
Failed,,,,4776,0.3623189937602728,0.2620788995027542,3844,1421,59
Failed,,,,3682,0.646448749538511,0.6759962918497621,2390,72,1277
Failed,,,,1293,0.1302030843477696,0.0996094218734651,2557,3867,3278
Failed,,,,2224,0.5172039593942463,0.4597526181507855,3294,4853,3916
Failed,,,,2802,0.0043687057550996,0.7563727185688913,1566,1214,915
Failed,,,,3896,0.9751683555580676,0.1807886723950505,4664,2290,2124
Failed,,,,1130,0.4896371696200221,0.6030707607548684,431,3505,2698
Failed,,,,853,0.7257046351674943,0.2122245324533432,1546,1597,3749
Failed,,,,4165,0.2400516063272953,0.508784017212689,3586,2967,1744
Failed,,,,3071,0.7667972409222275,0.4283317484222352,177,4316,531
Failed,,,,1946,0.2538401741236448,0.850674928324297,4721,521,4953
Failed,,,,1571,0.8960345061589032,0.7069449810627848,4293,765,2857
Failed,,,,3414,0.3796670278087258,0.0067844585515558,694,4404,2277
Failed,,,,4508,0.5939918166119605,0.931366933643818,3085,3329,1074
Failed,,,,478,0.1127257271036505,0.3549188531544059,1980,2114,4070
Failed,,,,517,0.7169609741754829,0.9016836316268892,3553,242,2744
Failed,,,,4469,0.2001204471942037,0.3261408283784985,1513,3947,2087
Failed,,,,3375,0.7891778171695769,0.7367434468828141,4766,2522,796
Failed,,,,1610,0.307408252229914,0.0354168629813939,221,1392,4026
Failed,,,,1907,0.9203737890832125,0.3916121521834284,649,2398,3157
Failed,,,,3110,0.435193812591955,0.8132785346843302,4249,3683,1388
Failed,,,,4204,0.5872031147144735,0.2485700842738151,2014,4836,107
Failed,,,,813,0.0747495270650833,0.5465239987280219,3119,975,4449
Failed,,,,1170,0.8366059833634644,0.1557492124345153,3878,4122,4184
Failed,,,,3857,0.3242742348983884,0.5774762105941771,1216,418,950
Failed,,,,2763,0.6708413630146532,0.4844484902359545,2513,1842,2246
Failed,,,,2263,0.185783195964992,0.7823413131479174,2346,2971,2898
Failed,,,,1254,0.5396530349794774,0.6424602891970425,1610,3234,4920
Failed,,,,3721,0.0580052794814109,0.0668567513190209,3337,1949,573
Failed,,,,4815,0.9663714272174984,0.995981779642403,397,799,1859
Failed,,,,160,0.4496527394205331,0.2947164062540978,4628,4660,3624
Failed,,,,26,0.9763074077721684,0.6181508001107722,2038,1456,456
Failed,,,,5000,0.4945385659523308,0.1652365529052913,2830,2751,4725
Failed,,,,3594,0.5298379176761954,0.7728537477478385,908,3903,3506
Failed,,,,1433,0.0129985896982252,0.4437741256486624,4195,32,1664
Failed,,,,2396,0.6495755745004863,0.1158467912729829,4937,1174,1145
Failed,,,,2579,0.1371207915656268,0.6602614442557097,80,4889,4302
Failed,,,,3986,0.857994553534314,0.2769152939505875,3645,3464,3093
Failed,,,,990,0.372813857641071,0.9469916969332844,1293,2325,2363
Failed,,,,643,0.6084698884561657,0.3712019185218959,528,2927,1505
Failed,,,,4342,0.1234110057223588,0.9155559558458624,4448,1632,3353
Failed,,,,2936,0.8989861446544528,0.0215447004884481,1820,481,4566
Failed,,,,2049,0.3866532046217471,0.691682195013389,3235,4352,302
Failed,,,,1780,0.7792409034371375,0.8656788300406187,2812,4440,1892
Failed,,,,3238,0.262523418361321,0.4128253174647688,2332,725,2626
Failed,,,,4644,0.7267750988155603,0.5253107274882495,3942,2150,3830
Failed,,,,373,0.2451280701551586,0.1961698948759585,967,3288,679
Failed,,,,406,0.8092372624296695,0.4800958609879016,1372,1087,204
Failed,,,,4572,0.2968893190547823,0.8061899258103221,3722,4726,4627
Failed,,,,3166,0.6982187688220292,0.1309849107209593,2,3651,3414
Failed,,,,1812,0.2131748931482434,0.5827445288933814,4858,2437,1408
Failed,,,,2174,0.5745750677976758,0.9751217078231273,4118,1275,775
Failed,,,,2850,0.0929435072094201,0.3038849689234048,828,2645,3771
Failed,,,,4256,0.9314409474674612,0.6342034300547092,2910,3994,2567
Failed,,,,768,0.4147079682946205,0.0868051196113228,2115,199,1988
Failed,,,,1036,0.6819770318903028,0.7275177187100051,1044,4550,1567
Failed,,,,3978,0.1651222432758659,0.0563417144399136,4021,911,3567
Failed,,,,2572,0.8241683028526604,0.881792428838089,2252,1988,4785
Failed,,,,2443,0.3424149030800908,0.3343329078815877,2734,3202,359
Failed,,,,1543,0.947804359998554,0.2247861322797835,3155,3095,2459
Failed,,,,3444,0.4626386451404541,0.5508195814434438,1743,1724,3034
Failed,,,,4851,0.5597657624594867,0.3862791732158512,4525,374,4242
Failed,,,,137,0.0472960096430033,0.8380998829305171,608,4170,1241
Failed,,,,304,0.5110881037637591,0.0151799875386059,3041,2217,2838
Failed,,,,4711,0.0260454159397631,0.7175429136846214,1934,3578,2342
Failed,,,,3617,0.9963592444732784,0.3443076106663793,4328,4927,1046
Failed,,,,1397,0.4840120130646973,0.922954257979989,726,1141,4125
Failed,,,,2275,0.8690693167597054,0.50231673835963,301,155,3684
Failed,,,,2712,0.352335636774078,0.2074723822902888,4843,3784,1762
Failed,,,,3806,0.6369551324248313,0.8554137983638793,1436,2709,476
Failed,,,,1181,0.1553223951403051,0.4347818508557975,3473,1504,4981
Failed,,,,903,0.886540844431147,0.7616160399727522,4549,3402,3966
Failed,,,,4075,0.404786264244467,0.4667109492737799,319,2041,892
Failed,,,,2981,0.6195979376193135,0.5961294870804995,3414,692,2183
Failed,,,,1997,0.10274244447425,0.1755587500855326,1689,4477,2685
Failed,,,,1676,0.746895449725911,0.250997528746724,2423,4233,4509
Failed,,,,3349,0.2344264051578938,0.9534210705514996,2593,604,9
Failed,,,,4442,0.7606814596485346,0.1085055356714874,1136,1680,1291
Failed,,,,582,0.2755169289223849,0.6870910914428531,3801,2885,3218
Failed,,,,549,0.5312282874900847,0.2778374446071684,757,1382,1201
Failed,,,,4429,0.0505551488026976,0.9499870191160588,4337,2518,4294
Failed,,,,3335,0.9581898561883718,0.1128381294813007,1887,3984,3003
Failed,,,,1643,0.4424457852020859,0.6593221766650676,2972,267,2483
Failed,,,,2029,0.8291934474799783,0.7659488196745515,3484,941,326
Failed,,,,2994,0.3158870822042226,0.4389418634753673,1464,4814,4805
Failed,,,,4088,0.6636729553584009,0.6229696929324418,4775,3700,3524
Failed,,,,936,0.1776401714980602,0.172124393787235,251,2408,1618
Failed,,,,1205,0.9131976483203472,0.5301465587876736,1678,3007,2017
Failed,,,,3810,0.4270430550184101,0.2030788679588585,3386,1870,2531
Failed,,,,2717,0.5797828457243741,0.8587869441490619,386,404,3828
Failed,,,,2298,0.0663546412643045,0.4080028555169701,4599,4121,730
Failed,,,,1374,0.7087868983112275,0.0185534233152866,3771,4677,1464
Failed,,,,3614,0.1929209881406277,0.6907636134829372,1128,804,3365
Failed,,,,4707,0.7807605648450552,0.3721376169864088,2641,1919,4652
Failed,,,,281,0.2999656167160719,0.9185605726279316,2493,3212,167
Failed,,,,141,0.7710673108920454,0.243753332927823,4908,8,3248
Failed,,,,4874,0.2553244277555495,0.5396340163704006,69,3871,1269
Failed,,,,3468,0.7183573780432342,0.3985154146645218,3694,2758,51
Failed,,,,1547,0.2376849513221531,0.8181124624498188,1361,1475,4456
Failed,,,,2439,0.6012932643741368,0.7397537742666899,2185,2324,2727
Failed,,,,2549,0.1152597797010093,0.0363544649798423,2958,3451,2134
Failed,,,,3955,0.8915663441121578,0.9007593394946308,820,4917,925
Failed,,,,1033,0.3782588021401315,0.3231476476714015,4088,1209,3945
Failed,,,,755,0.6421635070648044,0.9950482226535676,2665,4360,4923
Failed,,,,4223,0.1287341221906244,0.2917096479963511,2205,496,521
Failed,,,,2817,0.8508256625588984,0.6454499007780105,4030,1612,1735
Failed,,,,2161,0.3646703647263347,0.0677769984416663,1075,2895,3719
Failed,,,,1825,0.9678821918349712,0.4913420417197048,558,3314,4099
Failed,,,,3199,0.4870879519544542,0.7871621095035225,4457,2188,1084
Failed,,,,4605,0.5216568299662321,0.1509112396594136,1771,721,2288
Failed,,,,419,0.0057921039275825,0.5705693789869547,3166,4428,2885
Failed,,,,367,0.9403918241150676,0.8544933281708508,4167,2447,3663
Failed,,,,4618,0.4542514924462884,0.4317924623452126,897,3654,1833
Failed,,,,3212,0.5525973548032344,0.5053232438042758,2880,4689,619
Failed,,,,1773,0.0391529851760715,0.2084061920922249,2105,1062,4866
Failed,,,,3054,0.5553887571953235,0.8928450114317237,1314,1658,222
Failed,,,,1934,0.0419593704622238,0.3154834577236324,3664,2863,4648
Failed,,,,1583,0.6863389427252113,0.2360816478151828,2851,3419,2545
Failed,,,,3431,0.1704742148276418,0.5317271834723651,2056,2058,1972
Failed,,,,4525,0.8207506638206542,0.4064088614806533,4216,670,753
Failed,,,,490,0.3399564220812171,0.8257670771013945,926,4455,3753
Failed,,,,529,0.9911703959275036,0.4310744201596826,4998,2587,3048
Failed,,,,4486,0.4738275943771004,0.8518268833011388,144,1292,2396
Failed,,,,3392,0.5018187774140387,0.2110725012607872,3629,181,1109
Failed,,,,1622,0.0195768888220191,0.5060414216909557,1279,4052,4344
Failed,,,,1895,0.6308140633348375,0.9265569961685686,2091,4745,3475
Failed,,,,3093,0.1461368335783481,0.3480296747796237,2886,1030,1708
Failed,,,,4186,0.8587249621842056,0.713834291420877,883,2494,412
Failed,,,,801,0.3467432185858488,0.011594264043495,4172,3633,4761
Failed,,,,1148,0.6092002078779041,0.6828819605838506,2749,1781,3874
Failed,,,,3830,0.0973402774389833,0.1044152548536658,2266,3076,643
Failed,,,,2737,0.8802244847752154,0.9574943366758524,3957,4188,1924
Failed,,,,2241,0.3956690979208797,0.2551932177562266,980,318,2582
Failed,,,,1276,0.7512216739468275,0.1796327318940311,476,893,4602
Failed,,,,3749,0.2691016282569617,0.6003244604058564,4394,4608,258
Failed,,,,4842,0.7416379382573068,0.4624987233132124,1846,3144,1550
Failed,,,,182,0.2244169498663395,0.7575288542564959,3258,2005,3320
Failed,,,,5,0.6889400753751396,0.0909998568538576,672,3803,141
Failed,,,,4973,0.2066993746329098,0.6382776479460299,4275,98,4407
Failed,,,,3567,0.8040404149517417,0.2997975434064865,1959,1561,3204
Failed,,,,1411,0.2866983253676444,0.9709097216632216,3067,2690,1354
Failed,,,,2418,0.921105294495821,0.5786544878762215,3565,3520,838
Failed,,,,2606,0.4091228500846773,0.126775540061295,1528,2234,3991
Failed,,,,4013,0.5684421649426222,0.8103858509026468,4701,1123,2777
Failed,,,,1012,0.083763758489862,0.4841688910294323,158,4985,2042
Failed,,,,655,0.8178451823052018,0.8418217109609394,1587,586,1826
Failed,,,,4359,0.3332886150367557,0.3898821474872529,3312,4291,3670
Failed,,,,2953,0.6715729576554149,0.5472336181476712,452,2827,4878
Failed,,,,2061,0.1597123226858675,0.2210777498167008,4682,1698,608
Failed,,,,1767,0.554515781475231,0.330746232619509,3864,2098,2201
Failed,,,,3220,0.03729550133273,0.8780847583413123,1200,3383,2931
Failed,,,,4627,0.9383506176453084,0.0600666338540613,2577,4496,4149
Failed,,,,361,0.4562317560873925,0.7311176015976816,2408,635,992
Failed,,,,427,0.5196168150641023,0.951188689045608,235,3741,509
Failed,,,,4599,0.007771176001057,0.2809872495364397,4780,2380,4935
Failed,,,,3193,0.9698013341911136,0.6561722397524863,1449,992,3726
Failed,,,,1834,0.485229752426967,0.1116365915350615,3488,4778,1728
Failed,,,,2152,0.848845623847097,0.4396856331117451,2987,3928,1091
Failed,,,,2823,0.3667112867813557,0.768642836043611,1883,299,4092
Failed,,,,4229,0.6440207696966826,0.1694304536338895,4352,1336,2873
Failed,,,,746,0.1268159762155264,0.6222258470803498,752,2541,2300
Failed,,,,1024,0.8936063329894096,0.1998937398344278,2487,1892,1256
Failed,,,,3961,0.3762796966060996,0.5289116773959249,2655,3253,3260
Failed,,,,2555,0.5993741554785519,0.4092378131244331,1122,4641,4464
Failed,,,,2431,0.1171180052533745,0.8619719960577786,3785,855,43
